O               5.92487     5.92487     5.92487
H               5.75998     6.83792     5.68955
H               6.84272     5.77984     5.69518
O               5.32179     5.32179     8.56620
H               5.53914     5.52632     7.65672
H               6.12716     4.95217     8.92812
O               7.66071     4.23870     9.64929
H               8.03033     4.60062    10.45466
H               7.45618     3.32922     9.86664
O               9.64929     4.23870     7.66071
H               8.95131     4.25234     8.31559
H               9.24946     4.61362     6.87598
O               8.56620     5.32179     5.32179
H               8.58169     4.66966     4.62128
H               8.94432     6.10740     4.92673
O               4.23870     7.66071     9.64929
H               4.60062     6.85534     9.27967
H               3.32922     7.44336     9.85382
O               4.20371     9.63809     7.64989
H               4.22695     8.98285     8.34728
H               4.58643    10.42187     8.04415
O               5.26439     8.54844     5.30462
H               4.86620     8.92706     6.08841
H               4.56904     8.57135     4.64720
O               7.59104     9.68721     4.25266
H               6.78722     9.29891     4.59812
H               7.39129     9.87671     3.33592
O               9.65672     7.66856     4.26340
H               9.00013     8.36495     4.27642
H              10.44563     8.07583     4.62115
O              11.38513    11.38513     5.92487
H              11.60951    11.60961     6.82792
H              11.94514    11.94889     5.39121
O              11.98821    11.98821     8.56620
H              11.19030    12.26079     9.01927
H              12.26079    11.19030     9.01927
O               9.64929    13.07130     9.64929
H               8.97274    13.09949     8.97274
H               9.83821    13.99046     9.83821
O               7.66071    13.07130     7.66071
H               8.03033    12.70938     6.85534
H               7.45618    13.98078     7.44336
O               8.74380    11.98821     5.32179
H               9.65123    11.75854     5.52191
H               8.36822    11.18681     4.95720
O              13.07130     9.64929     9.64929
H              12.71605     9.23914    10.43784
H              13.06858     8.95167     8.99389
O              13.10629     7.67190     7.64989
H              14.01431     7.44697     7.44707
H              12.73716     6.86979     8.01947
O              12.04561     8.76156     5.30462
H              11.82119     9.66486     5.52804
H              12.40739     8.39732     6.11250
O               5.92487    11.38513    11.38513
H               5.68711    10.48536    11.60901
H               5.36855    11.92674    11.94495
O               5.32179    11.98821     8.74380
H               6.12716    12.35783     8.38188
H               5.53914    11.78368     9.65328
O               8.56620    11.98821    11.98821
H               8.92812    12.35783    11.18284
H               7.65672    11.78368    11.77086
O               5.26439     8.76156    12.00537
H               4.56555     8.73596    12.65898
H               4.87305     8.37812    11.22048
O               7.59104     7.62279    13.05734
H               7.87445     6.83584    12.59191
H               6.79843     7.90076    12.59828
O               9.65672     9.64144    13.04660
H               8.95375     8.99183    13.03861
H               9.25796    10.43107    12.68094
O              11.38513     5.92487    11.38513
H              11.62289     6.82464    11.60901
H              11.94145     5.38326    11.94495
O              11.98821     5.32179     8.74380
H              11.77086     5.52632     9.65328
H              11.18284     4.95217     8.38188
O               8.74380     5.32179    11.98821
H               9.66128     5.51484    11.79534
H               8.77794     4.64916    12.66838
O              12.04561     8.54844    12.00537
H              11.25391     8.92365    12.39094
H              12.69038     8.57004    12.71250
O              15.71263    15.71263    15.71263
H              14.79521    15.93879    15.86570
H              15.86570    15.93879    14.79521
O              16.31571    16.31571    13.07130
H              16.71554    15.53098    12.69638
H              17.01369    16.97059    13.05766
O              13.07130    16.31571    16.31571
H              12.71622    16.72167    15.52492
H              13.05840    17.01388    16.97040
O              16.37311    13.08906    16.33288
H              17.03457    13.12668    17.02374
H              16.16997    14.00539    16.14497
O              10.25237    10.25237    15.71263
H              10.10154    10.02603    14.79489
H              11.16961    10.02692    15.86779
O              13.97679     8.56620    13.97679
H              13.70421     9.01927    14.77470
H              14.77470     9.01927    13.70421
O              12.89370     9.64929    16.31571
H              13.26862    10.43402    16.71554
H              12.90734     8.99441    17.01369
O               8.53121    13.96560    13.98761
H               8.89891    13.56350    14.77460
H               8.55663    13.27135    13.32912
O               9.59189    12.87594    16.33288
H              10.39794    13.24711    16.69170
H               9.81892    11.97105    16.11872
O              15.71263    10.25237    10.25237
H              14.79478    10.10734    10.02268
H              15.87752    11.16543    10.01705
O              16.31571     9.64929    12.89370
H              16.11118     9.86664    11.98422
H              16.68533    10.45466    13.25562
O              16.37311    12.87594     9.63213
H              15.57951    13.33442     9.35602
H              16.64109    13.32245    10.43528
O              14.04646    14.01471     8.58016
H              13.35308    13.35482     8.58260
H              13.63522    14.79630     8.94925
O              10.25237    15.71263    10.25237
H              11.15567    15.93656    10.02844
H               9.71933    16.27481     9.69019
O               9.64929    16.31571    12.89370
H               9.27152    15.51360    13.25446
H               9.85323    16.09707    11.98439
O              12.89370    16.31571     9.64929
H              12.90660    17.01388     8.99459
H              13.24878    16.72167    10.44008
O               7.05763     7.05763    15.71263
H               7.26711     7.27823    14.80506
H               7.62476     7.62521    16.23460
O               3.33321     8.74380    13.97679
H               3.60579     8.29073    14.77470
H               2.53530     8.29073    13.70421
O               4.41630     7.66071    16.31571
H               4.05438     6.85534    16.68533
H               5.32578     7.44336    16.11118
O               8.77879     3.34441    13.98761
H               8.33196     3.61954    14.78816
H               8.31747     2.55096    13.71586
O               7.71811     4.43406    16.33288
H               6.91206     4.06289    16.69170
H               7.49108     5.33895    16.11872
O               1.59737     1.59737    15.71263
H               1.43248     2.51042    15.94795
H               2.51522     1.45234    15.94232
O               0.99429     0.99429    13.07130
H               0.62467     1.79966    12.70938
H               1.19882     1.21164    13.98078
O               4.23870     0.99429    16.31571
H               4.59378     0.58833    15.52492
H               4.25160     0.29612    16.97040
O               0.93689     4.22094    16.33288
H               1.74161     4.66336    16.60293
H               0.67474     4.66932    15.52885
O               7.05763     1.59737    10.25237
H               7.59067     1.03519     9.69019
H               6.15433     1.37344    10.02844
O               7.66071     0.99429    12.89370
H               8.33726     0.31774    12.86551
H               7.47179     1.18321    11.97454
O               4.41630     0.99429     9.64929
H               3.95982     1.79483     9.39044
H               3.98001     0.71929    10.45568
O               3.32578     3.34106     8.59090
H               4.00494     4.01486     8.55977
H               3.13755     3.14743     7.67258
O               1.59737     7.05763    10.25237
H               1.36010     6.15760    10.02904
H               1.03889     7.59862     9.69410
O               0.99429     7.66071    12.89370
H               1.18321     7.47179    11.97454
H               0.31774     8.33726    12.86551
O               0.93689     4.43406     9.63213
H               1.73034     4.05962     9.24942
H               0.29735     4.42012     8.92008
O               7.05763    15.71263     7.05763
H               6.14021    15.93879     7.21070
H               7.21070    15.93879     6.14021
O               7.66071    16.31571     4.41630
H               8.35869    16.97059     4.40266
H               8.06054    15.53098     4.04138
O               4.41630    16.31571     7.66071
H               4.03818    15.53010     8.05577
H               4.40081    16.96784     8.36122
O               8.74380    13.97679     3.33321
H               8.73090    13.27862     3.98791
H               8.38872    13.57083     2.54242
O               3.32578    13.96894     8.71910
H               2.53558    13.56369     8.36192
H               3.97867    13.26900     8.71198
O               1.59737    10.25237     7.05763
H               2.51469    10.10393     7.28723
H               1.43557    11.16569     7.29405
O               0.99429     9.64929     4.41630
H               1.19882     9.86664     5.32578
H               0.62467    10.45466     4.05438
O               3.33321     8.56620     3.33321
H               3.11586     7.65672     3.12868
H               2.52784     8.92812     3.70283
O               0.93689    12.87594     7.67788
H               0.54043    13.26009     6.89591
H               0.24131    12.89787     8.33508
O               7.05763    10.25237     1.59737
H               7.59067     9.69019     1.03519
H               6.15433    10.02844     1.37344
O               4.41630     9.64929     0.99429
H               4.40266     8.95131     0.33941
H               4.04138     9.24946     1.77902
O               7.71811    12.87594     0.97713
H               8.37957    12.83832     0.28627
H               7.51497    11.95961     1.16503
O               1.59737    15.71263     1.59737
H               1.37344    15.93656     2.50067
H               1.03519    16.27481     1.06433
O               0.99429    16.31571     4.23870
H               1.78375    16.71722     4.60170
H               0.34106    17.01522     4.25281
O               4.23870    16.31571     0.99429
H               3.32922    16.09836     1.19882
H               4.60062    15.51034     0.62467
O               0.93689    13.08906     0.97713
H               1.16392    13.99395     1.19129
H               1.74294    12.71789     0.61831
O              15.71263     7.05763     7.05763
H              15.93656     7.28156     6.15433
H              16.27481     7.61981     7.59067
O              16.31571     7.66071     4.41630
H              16.71554     6.87598     4.04138
H              17.01369     8.31559     4.40266
O              13.97679     8.74380     3.33321
H              14.76322     8.36955     3.73032
H              13.32694     8.73773     4.03598
O              16.37311     4.43406     7.67788
H              16.13596     5.33719     7.46730
H              15.57173     4.05295     8.03674
O              14.04646     3.29529     8.72984
H              13.36439     3.96665     8.74704
H              14.22237     3.10822     9.65195
O              10.25237     1.59737     7.05763
H              11.16979     1.44430     7.28379
H              10.09930     2.51479     7.28379
O               9.64929     0.99429     4.41630
H               9.85382     1.21164     5.32578
H               9.27967     1.79966     4.05438
O              12.89370     0.99429     7.66071
H              13.32906     0.71297     6.85600
H              13.36996     1.78001     7.92915
O               8.56620     3.33321     3.33321
H               8.91702     3.71009     2.52629
H               7.65537     3.12538     3.12483
O              15.71263     1.59737     1.59737
H              15.94990     2.49740     1.37404
H              16.27111     1.05638     1.03910
O              16.31571     0.99429     4.23870
H              15.50775     0.62425     4.59437
H              16.10454     1.20109     3.32828
O              13.07130     0.99429     0.99429
H              12.72048     0.61741     1.80121
H              13.98213     1.20212     1.20267
O              16.37311     4.22094     0.97713
H              15.58103     4.59514     0.59135
H              17.01490     4.23351     0.26707
O              10.25237     7.05763     1.59737
H              10.00587     6.14631     1.43937
H              10.02890     7.21098     2.51540
O              12.89370     7.66071     0.99429
H              11.98422     7.45618     1.21164
H              13.25562     8.03033     1.79966
O               9.59189     4.43406     0.97713
H              10.38397     4.05986     0.59135
H               8.95010     4.42149     0.26707
O              11.38513     2.73013    14.57987
H              11.53976     2.95616    15.49706
H              10.46925     2.96231    14.42660
O              11.98821     3.33321    17.22120
H              12.68619     3.98809    17.23484
H              12.38804     2.54848    17.59612
O              12.04561     0.10656    13.95962
H              11.23956    -0.26461    13.60080
H              11.81858     1.01145    14.17378
O               2.73013    11.38513    14.57987
H               2.95629    10.46771    14.42680
H               2.95629    11.53820    15.49729
O               3.33321    11.98821    17.22120
H               3.73304    11.20348    17.59612
H               4.03119    12.64309    17.23484
O               0.08880    11.98821    13.97679
H              -0.26202    12.36509    14.78371
H               0.99963    11.78038    14.18517
O              14.57987     5.92487    14.57987
H              14.35436     6.82740    14.35447
H              14.01672     5.38993    14.02047
O              13.97679     5.32179    17.22120
H              13.60717     6.12716    17.58312
H              14.18132     5.53914    16.31172
O              17.22120     5.32179    13.97679
H              17.58312     6.12716    13.60717
H              16.31172     5.53914    14.18132
O               5.92487    14.57987    14.57987
H               6.84219    14.43143    14.35027
H               5.76307    15.49319    14.34345
O               5.32179    13.97679    17.22120
H               5.53296    14.18359    16.31078
H               6.12975    13.60675    17.57687
O               5.26439    17.20344    13.95962
H               6.05647    17.57764    13.57385
H               4.62260    17.21601    13.24956
O               2.73013     2.73013     5.92487
H               1.81228     2.87516     5.69518
H               2.89502     1.81708     5.68955
O               0.08880     3.33321     5.32179
H              -0.35044     3.60538     6.12754
H              -0.36827     2.53489     5.05719
O               3.39061     0.10656     5.30462
H               3.78707    -0.27759     6.08659
H               4.08619     0.08463     4.64742
O               2.73013    14.57987    11.38513
H               2.95217    14.35267    10.48219
H               3.29371    14.01991    11.91903
O               0.08880    13.97679    11.98821
H               1.00796    14.16571    11.79929
H               0.11699    13.30024    12.66476
O               3.39061    17.20344    12.00537
H               3.16358    16.29855    11.79121
H               2.58456    17.57461    12.36419
O              14.57987     2.73013    11.38513
H              15.49772     2.87516    11.61482
H              14.41498     1.81707    11.62045
O              17.22120     3.33321    11.98821
H              17.57628     3.73917    11.19742
H              17.23410     4.03138    12.64291
O              13.91939     0.10656    12.00537
H              13.27760     0.09399    12.71543
H              14.71147    -0.26764    12.39115
O              14.57987    14.57987     5.92487
H              15.49674    14.35765     5.76300
H              14.44142    14.36965     6.84838
O              17.22120    13.97679     5.32179
H              17.59612    14.76152     4.92196
H              17.23484    13.32191     4.62381
O              13.91939    17.20344     5.30462
H              13.25793    17.16582     4.61376
H              14.12253    16.28711     5.49253
O               5.92487     2.73013     2.73013
H               5.36421     3.27049     3.28682
H               5.68810     1.82983     2.95291
O               5.32179     3.33321     0.08880
H               5.52632     3.11586     0.99828
H               4.95217     2.52784    -0.27312
O               5.26439     0.10656     3.35037
H               6.06911    -0.33586     3.62042
H               5.00224    -0.34182     2.54634
O               2.73013     5.92487     2.73013
H               1.82683     5.70085     2.95395
H               3.26316     5.35892     3.28854
O               3.33321     5.32179     0.08880
H               4.00976     4.64524     0.11699
H               3.14429     5.51071     1.00796
O               0.08880     5.32179     3.33321
H               0.07590     4.62362     3.98791
H              -0.26628     4.91583     2.54242
O              14.57987    11.38513     2.73013
H              14.35371    10.46771     2.88320
H              14.35371    11.53820     1.81271
O              13.97679    11.98821     0.08880
H              13.32356    12.68772     0.07469
H              14.76625    12.38972    -0.27420
O              17.22120    11.98821     3.33321
H              16.31037    11.78038     3.12483
H              17.57202    12.36509     2.52629
O              11.38513    14.57987     2.73013
H              10.48234    14.35492     2.95508
H              11.91945    14.01830     3.29172
O              11.98821    13.97679     0.08880
H              12.35783    14.78216    -0.27312
H              11.78368    14.19414     0.99828
O              12.04561    17.20344     3.35037
H              11.23956    17.57461     3.70919
H              11.81858    16.29855     3.13621
O               0.00000     0.00000     0.00000
H              -0.53524    -0.53524    -0.58588
H               0.53524     0.53524    -0.58588
O               4.32748     4.31665     4.31671
H               4.86142     4.85453     4.90137
H               3.79093     3.78405     4.90380
O               8.65500     8.65500     0.00000
H               9.24088     9.19024    -0.53524
H               9.24088     8.11976     0.53524
O               0.00000     8.65500     8.65500
H               0.53524     9.24088     8.11976
H              -0.53524     9.24088     9.19024
O               8.65500     0.00000     8.65500
H               8.11976    -0.53524     8.06912
H               9.19024     0.53524     8.06912
O              12.98252    12.99335     4.31671
H              13.56838    13.52462     4.85592
H              13.56837    12.45413     3.78543
O               4.32748    12.99335    12.99329
H               4.86407    13.52592    13.58037
H               3.79358    12.45544    13.57796
O              12.98252     4.31665    12.99330
H              12.44593     3.72957    13.52588
H              13.51643     3.73198    12.45540