-10.96526	-7.300018	-9.577552	O
-10.173	-7.840573	-9.289913	H
-11.757607	-7.840573	-9.289913	H
-10.96527148	-7.442657241	-9.501651105	M
-10.96526	-2.753503	-9.577552	O
-10.96526	-3.580142	-9.002446	H
-10.96526	-2.753503	-10.586708	H
-10.96526	-2.862567905	-9.634819588	M
-10.96526	-7.300018	-0.475732	O
-10.173	-7.840573	-0.763457	H
-11.757607	-7.840573	-0.763457	H
-10.96527148	-7.442657241	-0.551655589	M
-10.96526	-2.753503	-0.475732	O
-10.173	-2.212948	-0.763457	H
-10.96526	-2.753503	0.533338	H
-10.86073098	-2.68218338	-0.380559351	M
-9.577552	-10.96526	-7.300018	O
-9.289913	-10.173	-7.840573	H
-9.002446	-10.96526	-6.473379	H
-9.46372335	-10.86073098	-7.262272716	M
-9.577552	-10.96526	-2.753503	O
-9.002446	-10.96526	-3.580142	H
-10.586708	-10.96526	-2.753503	H
-9.634819588	-10.96526	-2.862567905	M
-0.475732	-10.96526	-7.300018	O
-1.050924	-10.96526	-6.473379	H
-0.763457	-11.757607	-7.840573	H
-0.589583343	-11.06980049	-7.262272716	M
-0.475732	-10.96526	-2.753503	O
-0.763457	-10.173	-2.212948	H
-0.763457	-11.757607	-2.212948	H
-0.551655589	-10.96527148	-2.610863759	M
-7.300018	-9.577552	-10.96526	O
-6.473379	-9.002446	-10.96526	H
-7.300018	-10.586708	-10.96526	H
-7.190953095	-9.634819588	-10.96526	M
-2.753503	-9.577552	-10.96526	O
-3.580142	-9.002446	-10.96526	H
-2.753503	-10.586708	-10.96526	H
-2.862567905	-9.634819588	-10.96526	M
-7.300018	-0.475732	-10.96526	O
-7.300018	0.533338	-10.96526	H
-7.840573	-0.763457	-11.757607	H
-7.37133762	-0.380559351	-11.06980049	M
-2.753503	-0.475732	-10.96526	O
-2.212948	-0.763457	-10.173	H
-3.580142	-1.050924	-10.96526	H
-2.791248284	-0.589583343	-10.86073098	M
-1.361518	-5.02676	-6.414232	O
-1.901986	-4.234413	-6.702044	H
-0.534879	-5.02676	-6.989424	H
-1.323761237	-4.922219505	-6.528094822	M
-8.692003	-5.02676	-6.414232	O
-8.692003	-5.02676	-5.405162	H
-8.151535	-4.234413	-6.702044	H
-8.620694858	-4.922219505	-6.319070829	M
-1.361518	-5.02676	-3.639289	O
-1.361518	-5.02676	-4.648359	H
-0.534879	-5.02676	-3.064097	H
-1.252453095	-5.02676	-3.696533895	M
-8.692003	-5.02676	-3.639289	O
-8.151535	-4.234413	-3.351477	H
-9.518642	-5.02676	-3.064097	H
-8.729759763	-4.922219505	-3.525426178	M
-5.02676	-3.639289	-8.692003	O
-5.02676	-4.648359	-8.692003	H
-4.234413	-3.351477	-8.151535	H
-4.922219505	-3.734450171	-8.620694858	M
-5.02676	-3.639289	-1.361518	O
-5.02676	-4.648359	-1.361518	H
-4.234413	-3.351477	-1.901986	H
-4.922219505	-3.734450171	-1.432826142	M
-5.02676	-6.414232	-8.692003	O
-5.819107	-6.702044	-8.151535	H
-4.234413	-6.702044	-8.151535	H
-5.02676	-6.490178546	-8.549386717	M
-5.02676	-6.414232	-1.361518	O
-4.234413	-6.702044	-1.901986	H
-5.819107	-6.702044	-1.901986	H
-5.02676	-6.490178546	-1.504134283	M
-3.639289	-1.361518	-5.02676	O
-4.648359	-1.361518	-5.02676	H
-3.351477	-1.901986	-4.234413	H
-3.734450171	-1.432826142	-4.922219505	M
-3.639289	-8.692003	-5.02676	O
-3.351477	-8.151535	-5.819107	H
-3.064097	-9.518642	-5.02676	H
-3.525426178	-8.729759763	-5.131300495	M
-6.414232	-1.361518	-5.02676	O
-6.702044	-1.901986	-5.819107	H
-6.989424	-0.534879	-5.02676	H
-6.528094822	-1.323761237	-5.131300495	M
-6.414232	-8.692003	-5.02676	O
-5.405162	-8.692003	-5.02676	H
-6.702044	-8.151535	-4.234413	H
-6.319070829	-8.620694858	-4.922219505	M
-8.786544	-8.786544	-8.786544	O
-8.245989	-9.074183	-9.578804	H
-8.211697	-8.211697	-8.211697	H
-8.639380349	-8.748650417	-8.815228986	M
-1.266977	-1.266977	-8.786544	O
-0.474716	-1.807532	-9.074183	H
-0.979252	-0.474716	-8.245989	H
-1.124486057	-1.233767472	-8.753174827	M
-1.266977	-8.786544	-1.266977	O
-1.841824	-8.211697	-1.841824	H
-1.807532	-9.074183	-0.474716	H
-1.414140651	-8.748650417	-1.238291882	M
-8.786544	-1.266977	-1.266977	O
-8.211697	-1.841824	-1.841824	H
-8.245989	-0.979252	-0.474716	H
-8.639380349	-1.304859236	-1.238291882	M
-2.847806	-2.847806	-7.205715	O
-3.135618	-2.307338	-6.413368	H
-2.272959	-2.272959	-7.780562	H
-2.809935243	-2.700653828	-7.177018535	M
-7.205715	-7.205715	-7.205715	O
-7.746183	-6.413368	-6.917903	H
-6.917903	-7.746183	-6.413368	H
-7.239049869	-7.172482647	-7.063201232	M
-2.847806	-7.205715	-2.847806	O
-2.307338	-6.413368	-3.135618	H
-3.135618	-7.746183	-3.640153	H
-2.814471131	-7.172482647	-2.990319768	M
-7.205715	-2.847806	-2.847806	O
-6.413368	-3.135618	-2.307338	H
-6.917903	-2.307338	-3.640153	H
-7.063201232	-2.814471131	-2.881038353	M
-1.266977	-1.266977	-1.266977	O
-0.474716	-1.807532	-0.979252	H
-1.807532	-0.979252	-0.474716	H
-1.233767472	-1.300334826	-1.124486057	M
-8.786544	-8.786544	-1.266977	O
-9.074183	-9.578804	-1.807532	H
-8.245989	-9.074183	-0.474716	H
-8.753174827	-8.929023464	-1.233767472	M
-8.786544	-1.266977	-8.786544	O
-9.578804	-1.807532	-9.074183	H
-8.245989	-0.979252	-9.578804	H
-8.819753396	-1.300334826	-8.929023464	M
-1.266977	-8.786544	-8.786544	O
-0.979252	-9.578804	-8.245989	H
-1.807532	-9.074183	-9.578804	H
-1.300334826	-8.929023464	-8.819753396	M
-7.205715	-7.205715	-2.847806	O
-7.746183	-6.413368	-3.135618	H
-7.780562	-7.780562	-2.272959	H
-7.352867172	-7.177018535	-2.809935243	M
-2.847806	-2.847806	-2.847806	O
-2.307338	-3.640153	-3.135618	H
-2.272959	-2.272959	-2.272959	H
-2.700653828	-2.876502465	-2.809935243	M
-7.205715	-2.847806	-7.205715	O
-6.413368	-3.135618	-7.746183	H
-7.780562	-2.272959	-7.780562	H
-7.177018535	-2.809935243	-7.352867172	M
-2.847806	-7.205715	-7.205715	O
-2.307338	-6.413368	-6.917903	H
-2.272959	-7.780562	-7.780562	H
-2.700653828	-7.177018535	-7.243585757	M
-10.96526	-5.02676	-7.99601	O
-10.96526	-5.853399	-8.571116	H
-10.138621	-5.02676	-7.420818	H
-10.8561951	-5.135824905	-7.995998653	M
-10.96526	-5.02676	-2.05751	O
-10.96526	-5.853399	-1.482318	H
-10.96526	-4.200121	-1.482318	H
-10.96526	-5.02676	-1.905730902	M
-7.99601	-10.96526	-5.02676	O
-7.420818	-10.138621	-5.02676	H
-7.420818	-11.791899	-5.02676	H
-7.844230902	-10.96526	-5.02676	M
-2.05751	-10.96526	-5.02676	O
-1.482318	-10.96526	-4.200121	H
-2.632702	-11.791899	-5.02676	H
-2.05751	-11.0743249	-4.917695095	M
-5.02676	-7.99601	-10.96526	O
-5.02676	-7.420818	-10.138621	H
-5.02676	-7.420818	-11.791899	H
-5.02676	-7.844230902	-10.96526	M
-5.02676	-2.05751	-10.96526	O
-5.853399	-1.482318	-10.96526	H
-5.02676	-2.632702	-10.138621	H
-5.135824905	-2.05751	-10.8561951	M
0.91174	-7.300018	-9.577552	O
0.119479	-7.840573	-9.289913	H
0.91174	-6.473379	-9.002446	H
0.807210852	-7.262272716	-9.46372335	M
0.91174	-2.753503	-9.577552	O
1.704	-2.212948	-9.289913	H
0.91174	-2.753503	-10.586708	H
1.016269016	-2.68218338	-9.672747343	M
0.91174	-7.300018	-0.475732	O
0.119479	-7.840573	-0.763457	H
0.91174	-6.473379	-1.050924	H
0.807210852	-7.262272716	-0.589583343	M
0.91174	-2.753503	-0.475732	O
1.704	-2.212948	-0.763457	H
0.91174	-2.753503	0.533338	H
1.016269016	-2.68218338	-0.380559351	M
2.299211	-10.96526	-7.300018	O
1.290141	-10.96526	-7.300018	H
2.586936	-10.173	-7.840573	H
2.204038351	-10.86073098	-7.37133762	M
2.299211	-10.96526	-2.753503	O
1.290141	-10.96526	-2.753503	H
2.586936	-10.173	-2.212948	H
2.204038351	-10.86073098	-2.68218338	M
11.401268	-10.96526	-7.300018	O
12.410424	-10.96526	-7.300018	H
11.113456	-11.757607	-7.840573	H
11.49644052	-11.06980049	-7.37133762	M
11.401268	-10.96526	-2.753503	O
11.113456	-10.173	-2.212948	H
10.826076	-10.96526	-3.580142	H
11.28740518	-10.86073098	-2.791248284	M
4.576982	-9.577552	-10.96526	O
5.403621	-9.002446	-10.96526	H
4.036427	-9.289913	-11.757607	H
4.614727284	-9.46372335	-11.06980049	M
9.123497	-9.577552	-10.96526	O
9.663965	-9.289913	-10.173	H
8.296858	-9.002446	-10.96526	H
9.085740237	-9.46372335	-10.86073098	M
4.576982	-0.475732	-10.96526	O
5.403621	-1.050924	-10.96526	H
4.036427	-0.763457	-11.757607	H
4.614727284	-0.589583343	-11.06980049	M
9.123497	-0.475732	-10.96526	O
9.663965	-0.763457	-10.173	H
9.123497	0.533338	-10.96526	H
9.194805142	-0.380559351	-10.86073098	M
10.515482	-5.02676	-6.414232	O
11.342121	-5.02676	-6.989424	H
10.515482	-5.02676	-5.405162	H
10.6245469	-5.02676	-6.356987105	M
3.184997	-5.02676	-6.414232	O
3.725552	-5.819107	-6.702044	H
3.725552	-4.234413	-6.702044	H
3.327636241	-5.02676	-6.490178546	M
10.515482	-5.02676	-3.639289	O
11.342121	-5.02676	-3.064097	H
9.974927	-4.234413	-3.351477	H
10.55322728	-4.922219505	-3.525426178	M
3.184997	-5.02676	-3.639289	O
3.184997	-5.02676	-4.648359	H
3.725552	-5.819107	-3.351477	H
3.25631662	-5.131300495	-3.734450171	M
6.85024	-3.639289	-8.692003	O
6.85024	-4.648359	-8.692003	H
7.6425	-3.351477	-8.151535	H
6.954769016	-3.734450171	-8.620694858	M
6.85024	-3.639289	-1.361518	O
6.057979	-3.351477	-1.901986	H
7.6425	-3.351477	-1.901986	H
6.850239868	-3.563342454	-1.504134283	M
6.85024	-6.414232	-8.692003	O
6.057979	-6.702044	-8.151535	H
7.6425	-6.702044	-8.151535	H
6.850239868	-6.490178546	-8.549386717	M
6.85024	-6.414232	-1.361518	O
6.85024	-5.405162	-1.361518	H
6.85024	-6.989424	-0.534879	H
6.85024	-6.356987105	-1.252453095	M
8.237711	-1.361518	-5.02676	O
8.525436	-1.901986	-5.819107	H
8.812903	-0.534879	-5.02676	H
8.351562343	-1.323761237	-5.131300495	M
8.237711	-8.692003	-5.02676	O
8.525436	-8.151535	-4.234413	H
8.812903	-9.518642	-5.02676	H
8.351562343	-8.729759763	-4.922219505	M
5.462768	-1.361518	-5.02676	O
6.471838	-1.361518	-5.02676	H
5.175043	-1.901986	-4.234413	H
5.557940649	-1.432826142	-4.922219505	M
5.462768	-8.692003	-5.02676	O
6.471838	-8.692003	-5.02676	H
4.887576	-9.518642	-5.02676	H
5.520012895	-8.801067905	-5.02676	M
3.090456	-8.786544	-8.786544	O
2.298196	-8.245989	-9.074183	H
3.631011	-9.074183	-9.578804	H
3.057246604	-8.753174827	-8.929023464	M
10.609785	-1.266977	-8.786544	O
11.402132	-1.807532	-9.074183	H
10.897597	-0.474716	-8.245989	H
10.75229877	-1.233767472	-8.753174827	M
10.609785	-8.786544	-1.266977	O
10.034938	-8.211697	-1.841824	H
10.069317	-9.074183	-0.474716	H
10.46263283	-8.748650417	-1.238291882	M
3.090456	-1.266977	-1.266977	O
2.802731	-0.474716	-1.807532	H
3.631011	-0.979252	-0.474716	H
3.123813826	-1.124486057	-1.233767472	M
9.028956	-2.847806	-7.205715	O
9.569511	-3.640153	-6.917903	H
9.603803	-2.272959	-7.780562	H
9.176119651	-2.876502465	-7.243585757	M
4.671523	-7.205715	-7.205715	O
4.959248	-7.746183	-6.413368	H
4.09659	-7.780562	-7.780562	H
4.633629417	-7.352867172	-7.177018535	M
9.028956	-7.205715	-2.847806	O
9.569511	-6.413368	-3.135618	H
8.236696	-6.917903	-2.307338	H
8.995746604	-7.063201232	-2.814471131	M
4.671523	-2.847806	-2.847806	O
4.130968	-3.640153	-3.135618	H
4.09659	-2.272959	-2.272959	H
4.524348003	-2.876502465	-2.809935243	M
10.609785	-1.266977	-1.266977	O
11.402132	-1.807532	-0.979252	H
10.897597	-0.474716	-1.807532	H
10.75229877	-1.233767472	-1.300334826	M
3.090456	-8.786544	-1.266977	O
2.298196	-8.245989	-0.979252	H
3.665389	-8.211697	-1.841824	H
3.061782361	-8.639380349	-1.304859236	M
3.090456	-1.266977	-8.786544	O
3.631011	-0.979252	-9.578804	H
3.665389	-1.841824	-8.211697	H
3.237630997	-1.304859236	-8.815228986	M
10.609785	-8.786544	-8.786544	O
10.897597	-9.578804	-8.245989	H
10.034938	-8.211697	-8.211697	H
10.57191424	-8.815228986	-8.639380349	M
4.671523	-7.205715	-2.847806	O
5.463784	-6.917903	-2.307338	H
4.959248	-7.746183	-3.640153	H
4.814013943	-7.239049869	-2.881038353	M
9.028956	-2.847806	-2.847806	O
8.741231	-2.307338	-3.640153	H
9.603803	-2.272959	-2.272959	H
9.066838236	-2.700653828	-2.876502465	M
4.671523	-2.847806	-7.205715	O
5.463784	-3.135618	-7.746183	H
4.959248	-2.307338	-6.413368	H
4.814013943	-2.814471131	-7.172482647	M
9.028956	-7.205715	-7.205715	O
9.569511	-6.413368	-6.917903	H
8.741231	-7.746183	-6.413368	H
9.062313826	-7.172482647	-7.063201232	M
0.91174	-5.02676	-7.99601	O
0.91174	-4.200121	-8.571116	H
1.738379	-5.02676	-7.420818	H
1.020804905	-4.917695095	-7.995998653	M
0.91174	-5.02676	-2.05751	O
0.91174	-4.200121	-1.482318	H
1.738379	-5.02676	-2.632702	H
1.020804905	-4.917695095	-2.05751	M
3.88099	-10.96526	-5.02676	O
3.305798	-10.96526	-5.853399	H
3.305798	-10.96526	-4.200121	H
3.729210902	-10.96526	-5.02676	M
9.81949	-10.96526	-5.02676	O
10.394682	-10.96526	-5.853399	H
9.244298	-11.791899	-5.02676	H
9.81949	-11.0743249	-5.135824905	M
6.85024	-7.99601	-10.96526	O
6.85024	-7.420818	-10.138621	H
6.85024	-7.420818	-11.791899	H
6.85024	-7.844230902	-10.96526	M
6.85024	-2.05751	-10.96526	O
7.676879	-1.482318	-10.96526	H
6.85024	-2.632702	-10.138621	H
6.959304905	-2.05751	-10.8561951	M
-10.96526	4.576982	-9.577552	O
-10.96526	5.403621	-9.002446	H
-10.96526	4.576982	-10.586708	H
-10.96526	4.686046905	-9.634819588	M
-10.96526	9.123497	-9.577552	O
-10.96526	8.296858	-9.002446	H
-10.96526	9.123497	-10.586708	H
-10.96526	9.014432095	-9.634819588	M
-10.96526	4.576982	-0.475732	O
-10.96526	5.403621	-1.050924	H
-11.757607	4.036427	-0.763457	H
-11.06980049	4.614727284	-0.589583343	M
-10.96526	9.123497	-0.475732	O
-10.173	9.663965	-0.763457	H
-10.96526	8.296858	-1.050924	H
-10.86073098	9.085740237	-0.589583343	M
-9.577552	0.91174	-7.300018	O
-9.289913	0.119479	-7.840573	H
-10.586708	0.91174	-7.300018	H
-9.672747343	0.807210852	-7.37133762	M
-9.577552	0.91174	-2.753503	O
-9.289913	0.119479	-2.212948	H
-9.289913	1.704	-2.212948	H
-9.501651105	0.911739868	-2.610863759	M
-0.475732	0.91174	-7.300018	O
-1.050924	0.91174	-6.473379	H
0.533338	0.91174	-7.300018	H
-0.418487105	0.91174	-7.190953095	M
-0.475732	0.91174	-2.753503	O
-0.763457	0.119479	-2.212948	H
-1.050924	0.91174	-3.580142	H
-0.589583343	0.807210852	-2.791248284	M
-7.300018	2.299211	-10.96526	O
-7.840573	2.586936	-10.173	H
-7.840573	2.586936	-11.757607	H
-7.442657241	2.375134589	-10.96527148	M
-2.753503	2.299211	-10.96526	O
-2.753503	1.290141	-10.96526	H
-2.212948	2.586936	-10.173	H
-2.68218338	2.204038351	-10.86073098	M
-7.300018	11.401268	-10.96526	O
-7.840573	11.113456	-10.173	H
-7.840573	11.113456	-11.757607	H
-7.442657241	11.32532145	-10.96527148	M
-2.753503	11.401268	-10.96526	O
-3.580142	10.826076	-10.96526	H
-2.212948	11.113456	-11.757607	H
-2.791248284	11.28740518	-11.06980049	M
-1.361518	6.85024	-6.414232	O
-1.901986	7.6425	-6.702044	H
-1.901986	6.057979	-6.702044	H
-1.504134283	6.850239868	-6.490178546	M
-8.692003	6.85024	-6.414232	O
-8.151535	6.057979	-6.702044	H
-8.151535	7.6425	-6.702044	H
-8.549386717	6.850239868	-6.490178546	M
-1.361518	6.85024	-3.639289	O
-1.361518	6.85024	-4.648359	H
-0.534879	6.85024	-3.064097	H
-1.252453095	6.85024	-3.696533895	M
-8.692003	6.85024	-3.639289	O
-8.692003	6.85024	-4.648359	H
-8.151535	6.057979	-3.351477	H
-8.620694858	6.745710852	-3.734450171	M
-5.02676	8.237711	-8.692003	O
-5.02676	7.228641	-8.692003	H
-4.234413	8.525436	-8.151535	H
-4.922219505	8.142538351	-8.620694858	M
-5.02676	8.237711	-1.361518	O
-5.02676	7.228641	-1.361518	H
-5.819107	8.525436	-1.901986	H
-5.131300495	8.142538351	-1.432826142	M
-5.02676	5.462768	-8.692003	O
-5.819107	5.175043	-8.151535	H
-5.02676	4.887576	-9.518642	H
-5.131300495	5.348916657	-8.729759763	M
-5.02676	5.462768	-1.361518	O
-4.234413	5.175043	-1.901986	H
-5.02676	4.887576	-0.534879	H
-4.922219505	5.348916657	-1.323761237	M
-3.639289	10.515482	-5.02676	O
-4.648359	10.515482	-5.02676	H
-3.351477	9.974927	-4.234413	H
-3.734450171	10.44416238	-4.922219505	M
-3.639289	3.184997	-5.02676	O
-4.648359	3.184997	-5.02676	H
-3.351477	3.725552	-5.819107	H
-3.734450171	3.25631662	-5.131300495	M
-6.414232	10.515482	-5.02676	O
-6.702044	9.974927	-4.234413	H
-6.702044	9.974927	-5.819107	H
-6.490178546	10.37284276	-5.02676	M
-6.414232	3.184997	-5.02676	O
-6.702044	3.725552	-4.234413	H
-6.989424	2.358358	-5.02676	H
-6.528094822	3.147251716	-4.922219505	M
-8.786544	3.090456	-8.786544	O
-9.578804	3.631011	-9.074183	H
-9.074183	2.298196	-8.245989	H
-8.929023464	3.057246604	-8.753174827	M
-1.266977	10.609785	-8.786544	O
-1.807532	10.897597	-9.578804	H
-0.474716	10.069317	-9.074183	H
-1.233767472	10.57645013	-8.929023464	M
-1.266977	3.090456	-1.266977	O
-0.979252	2.298196	-1.807532	H
-1.841824	3.665389	-1.841824	H
-1.304859236	3.061782361	-1.414140651	M
-8.786544	10.609785	-1.266977	O
-9.074183	11.402132	-1.807532	H
-8.245989	10.897597	-0.474716	H
-8.753174827	10.75229877	-1.233767472	M
-2.847806	9.028956	-7.205715	O
-3.135618	9.569511	-6.413368	H
-2.272959	9.603803	-7.780562	H
-2.809935243	9.176119651	-7.177018535	M
-7.205715	4.671523	-7.205715	O
-6.917903	4.130968	-6.413368	H
-7.780562	4.09659	-7.780562	H
-7.243585757	4.524348003	-7.177018535	M
-2.847806	4.671523	-2.847806	O
-2.307338	5.463784	-3.135618	H
-3.135618	4.130968	-3.640153	H
-2.814471131	4.704732528	-2.990319768	M
-7.205715	9.028956	-2.847806	O
-7.746183	8.236696	-3.135618	H
-7.780562	9.603803	-2.272959	H
-7.352867172	9.000271014	-2.809935243	M
-1.266977	10.609785	-1.266977	O
-1.841824	10.034938	-1.841824	H
-1.807532	10.897597	-0.474716	H
-1.414140651	10.57191424	-1.238291882	M
-8.786544	3.090456	-1.266977	O
-9.578804	3.631011	-0.979252	H
-8.245989	2.802731	-0.474716	H
-8.819753396	3.123813826	-1.124486057	M
-8.786544	10.609785	-8.786544	O
-9.074183	11.402132	-8.245989	H
-9.578804	10.069317	-9.074183	H
-8.929023464	10.64301735	-8.753174827	M
-1.266977	3.090456	-8.786544	O
-0.979252	2.298196	-8.245989	H
-0.474716	3.631011	-9.074183	H
-1.124486057	3.057246604	-8.753174827	M
-7.205715	4.671523	-2.847806	O
-6.413368	4.959248	-2.307338	H
-7.780562	4.09659	-2.272959	H
-7.177018535	4.633629417	-2.700653828	M
-2.847806	9.028956	-2.847806	O
-2.307338	8.236696	-3.135618	H
-3.640153	8.741231	-2.307338	H
-2.881038353	8.886465189	-2.814471131	M
-7.205715	9.028956	-7.205715	O
-6.413368	8.741231	-7.746183	H
-7.780562	9.603803	-7.780562	H
-7.177018535	9.066838236	-7.352867172	M
-2.847806	4.671523	-7.205715	O
-3.640153	4.959248	-7.746183	H
-2.272959	4.09659	-7.780562	H
-2.876502465	4.633629417	-7.352867172	M
-10.96526	6.85024	-7.99601	O
-10.138621	6.85024	-7.420818	H
-11.791899	6.85024	-7.420818	H
-10.96526	6.85024	-7.844230902	M
-10.96526	6.85024	-2.05751	O
-10.138621	6.85024	-2.632702	H
-11.791899	6.85024	-2.632702	H
-10.96526	6.85024	-2.209289098	M
-7.99601	0.91174	-5.02676	O
-8.571116	0.91174	-5.853399	H
-8.571116	0.91174	-4.200121	H
-8.147766404	0.91174	-5.02676	M
-2.05751	0.91174	-5.02676	O
-2.632702	0.0851	-5.02676	H
-2.632702	1.738379	-5.02676	H
-2.209289098	0.911739868	-5.02676	M
-5.02676	3.88099	-10.96526	O
-5.853399	3.305798	-10.96526	H
-4.200121	3.305798	-10.96526	H
-5.02676	3.729210902	-10.96526	M
-5.02676	9.81949	-10.96526	O
-5.853399	10.394682	-10.96526	H
-5.02676	9.244298	-10.138621	H
-5.135824905	9.81949	-10.8561951	M
0.91174	4.576982	-9.577552	O
1.704	4.036427	-9.289913	H
0.91174	5.403621	-9.002446	H
1.016269016	4.614727284	-9.46372335	M
0.91174	9.123497	-9.577552	O
1.704	9.663965	-9.289913	H
0.91174	8.296858	-9.002446	H
1.016269016	9.085740237	-9.46372335	M
0.91174	4.576982	-0.475732	O
0.119479	4.036427	-0.763457	H
0.91174	4.576982	0.533338	H
0.807210852	4.50566238	-0.380559351	M
0.91174	9.123497	-0.475732	O
0.119479	9.663965	-0.763457	H
0.91174	9.123497	0.533338	H
0.807210852	9.194805142	-0.380559351	M
2.299211	0.91174	-7.300018	O
2.586936	0.119479	-7.840573	H
2.874403	0.91174	-6.473379	H
2.413062343	0.807210852	-7.262272716	M
2.299211	0.91174	-2.753503	O
1.290141	0.91174	-2.753503	H
2.874403	0.91174	-3.580142	H
2.241966105	0.91174	-2.862567905	M
11.401268	0.91174	-7.300018	O
11.113456	1.704	-7.840573	H
10.826076	0.91174	-6.473379	H
11.28740518	1.016269016	-7.262272716	M
11.401268	0.91174	-2.753503	O
12.410424	0.91174	-2.753503	H
11.113456	1.704	-2.212948	H
11.49644052	1.016269016	-2.68218338	M
4.576982	2.299211	-10.96526	O
4.576982	1.290141	-10.96526	H
4.036427	2.586936	-11.757607	H
4.50566238	2.204038351	-11.06980049	M
9.123497	2.299211	-10.96526	O
8.296858	2.874403	-10.96526	H
9.663965	2.586936	-11.757607	H
9.085740237	2.413062343	-11.06980049	M
4.576982	11.401268	-10.96526	O
4.576982	12.410424	-10.96526	H
4.036427	11.113456	-10.173	H
4.50566238	11.49644052	-10.86073098	M
9.123497	11.401268	-10.96526	O
9.123497	12.410424	-10.96526	H
9.663965	11.113456	-11.757607	H
9.194805142	11.49644052	-11.06980049	M
10.515482	6.85024	-6.414232	O
9.974927	7.6425	-6.702044	H
9.974927	6.057979	-6.702044	H
10.37284276	6.850239868	-6.490178546	M
3.184997	6.85024	-6.414232	O
3.184997	6.85024	-5.405162	H
3.725552	6.057979	-6.702044	H
3.25631662	6.745710852	-6.319070829	M
10.515482	6.85024	-3.639289	O
10.515482	6.85024	-4.648359	H
9.974927	7.6425	-3.351477	H
10.44416238	6.954769016	-3.734450171	M
3.184997	6.85024	-3.639289	O
3.725552	7.6425	-3.351477	H
2.358358	6.85024	-3.064097	H
3.147251716	6.954769016	-3.525426178	M
6.85024	8.237711	-8.692003	O
6.057979	8.525436	-8.151535	H
6.85024	8.812903	-9.518642	H
6.745710852	8.351562343	-8.729759763	M
6.85024	8.237711	-1.361518	O
6.057979	8.525436	-1.901986	H
6.85024	8.812903	-0.534879	H
6.745710852	8.351562343	-1.323761237	M
6.85024	5.462768	-8.692003	O
6.85024	6.471838	-8.692003	H
6.057979	5.175043	-8.151535	H
6.745710852	5.557940649	-8.620694858	M
6.85024	5.462768	-1.361518	O
6.85024	6.471838	-1.361518	H
6.057979	5.175043	-1.901986	H
6.745710852	5.557940649	-1.432826142	M
8.237711	10.515482	-5.02676	O
8.525436	9.974927	-5.819107	H
8.525436	9.974927	-4.234413	H
8.313634589	10.37284276	-5.02676	M
8.237711	3.184997	-5.02676	O
8.525436	3.725552	-4.234413	H
8.525436	3.725552	-5.819107	H
8.313634589	3.327636241	-5.02676	M
5.462768	10.515482	-5.02676	O
4.887576	11.342121	-5.02676	H
6.471838	10.515482	-5.02676	H
5.520012895	10.6245469	-5.02676	M
5.462768	3.184997	-5.02676	O
6.471838	3.184997	-5.02676	H
5.175043	3.725552	-4.234413	H
5.557940649	3.25631662	-4.922219505	M
3.090456	3.090456	-8.786544	O
2.802731	2.298196	-8.245989	H
3.631011	2.802731	-9.578804	H
3.123813826	2.947965189	-8.819753396	M
10.609785	10.609785	-8.786544	O
11.402132	10.069317	-9.074183	H
10.069317	10.897597	-9.578804	H
10.64301735	10.57645013	-8.929023464	M
10.609785	3.090456	-1.266977	O
10.034938	3.665389	-1.841824	H
10.069317	2.802731	-0.474716	H
10.46263283	3.128349583	-1.238291882	M
3.090456	10.609785	-1.266977	O
2.802731	11.402132	-1.807532	H
2.298196	10.069317	-0.979252	H
2.947965189	10.64301735	-1.300334826	M
9.028956	9.028956	-7.205715	O
8.236696	8.741231	-7.746183	H
9.603803	9.603803	-7.780562	H
9.000271014	9.066838236	-7.352867172	M
4.671523	4.671523	-7.205715	O
4.959248	4.130968	-6.413368	H
4.09659	4.09659	-7.780562	H
4.633629417	4.524348003	-7.177018535	M
9.028956	4.671523	-2.847806	O
9.569511	5.463784	-3.135618	H
8.236696	4.959248	-2.307338	H
8.995746604	4.814013943	-2.814471131	M
4.671523	9.028956	-2.847806	O
4.959248	9.569511	-3.640153	H
4.09659	9.603803	-2.272959	H
4.633629417	9.176119651	-2.876502465	M
10.609785	10.609785	-1.266977	O
10.897597	11.402132	-1.807532	H
11.402132	10.069317	-0.979252	H
10.75229877	10.64301735	-1.300334826	M
3.090456	3.090456	-1.266977	O
2.298196	3.631011	-0.979252	H
2.802731	2.298196	-1.807532	H
2.947965189	3.057246604	-1.300334826	M
3.090456	10.609785	-8.786544	O
2.802731	11.402132	-8.245989	H
3.665389	10.034938	-8.211697	H
3.128349583	10.63848146	-8.639380349	M
10.609785	3.090456	-8.786544	O
11.402132	3.631011	-9.074183	H
10.069317	2.802731	-9.578804	H
10.64301735	3.123813826	-8.929023464	M
4.671523	4.671523	-2.847806	O
4.130968	5.463784	-3.135618	H
4.09659	4.09659	-2.272959	H
4.524348003	4.700196771	-2.809935243	M
9.028956	9.028956	-2.847806	O
8.236696	8.741231	-2.307338	H
9.603803	9.603803	-2.272959	H
9.000271014	9.066838236	-2.700653828	M
4.671523	9.028956	-7.205715	O
4.130968	8.236696	-6.917903	H
4.959248	9.569511	-6.413368	H
4.638165174	8.995746604	-7.063201232	M
9.028956	4.671523	-7.205715	O
8.236696	4.959248	-7.746183	H
9.603803	4.09659	-7.780562	H
9.000271014	4.633629417	-7.352867172	M
0.91174	6.85024	-7.99601	O
0.0851	6.85024	-7.420818	H
1.738379	6.85024	-7.420818	H
0.911739868	6.85024	-7.844230902	M
0.91174	6.85024	-2.05751	O
0.91174	6.023601	-1.482318	H
0.91174	7.676879	-1.482318	H
0.91174	6.85024	-1.905730902	M
3.88099	0.91174	-5.02676	O
4.456182	0.0851	-5.02676	H
4.456182	1.738379	-5.02676	H
4.032769098	0.911739868	-5.02676	M
9.81949	0.91174	-5.02676	O
10.394682	0.91174	-4.200121	H
9.244298	1.738379	-5.02676	H
9.81949	1.020804905	-4.917695095	M
6.85024	3.88099	-10.96526	O
6.023601	3.305798	-10.96526	H
6.85024	4.456182	-10.138621	H
6.741175095	3.88099	-10.8561951	M
6.85024	9.81949	-10.96526	O
6.023601	10.394682	-10.96526	H
7.676879	10.394682	-10.96526	H
6.85024	9.971269098	-10.96526	M
-10.96526	-7.300018	2.299211	O
-10.96526	-7.300018	1.290141	H
-11.757607	-7.840573	2.586936	H
-11.06980049	-7.37133762	2.204038351	M
-10.96526	-2.753503	2.299211	O
-10.173	-2.212948	2.586936	H
-10.96526	-3.580142	2.874403	H
-10.86073098	-2.791248284	2.413062343	M
-10.96526	-7.300018	11.401268	O
-10.96526	-7.300018	12.410424	H
-10.173	-7.840573	11.113456	H
-10.86073098	-7.37133762	11.49644052	M
-10.96526	-2.753503	11.401268	O
-10.96526	-3.580142	10.826076	H
-11.757607	-2.212948	11.113456	H
-11.06980049	-2.791248284	11.28740518	M
-9.577552	-10.96526	4.576982	O
-9.289913	-10.173	4.036427	H
-9.289913	-11.757607	4.036427	H
-9.501651105	-10.96527148	4.434342759	M
-9.577552	-10.96526	9.123497	O
-9.002446	-10.96526	8.296858	H
-10.586708	-10.96526	9.123497	H
-9.634819588	-10.96526	9.014432095	M
-0.475732	-10.96526	4.576982	O
-1.050924	-10.96526	5.403621	H
0.533338	-10.96526	4.576982	H
-0.418487105	-10.96526	4.686046905	M
-0.475732	-10.96526	9.123497	O
-0.763457	-10.173	9.663965	H
-0.763457	-11.757607	9.663965	H
-0.551655589	-10.96527148	9.266113283	M
-7.300018	-9.577552	0.91174	O
-7.840573	-9.289913	1.704	H
-6.473379	-9.002446	0.91174	H
-7.262272716	-9.46372335	1.016269016	M
-2.753503	-9.577552	0.91174	O
-2.212948	-9.289913	1.704	H
-3.580142	-9.002446	0.91174	H
-2.791248284	-9.46372335	1.016269016	M
-7.300018	-0.475732	0.91174	O
-7.840573	-0.763457	1.704	H
-6.473379	-1.050924	0.91174	H
-7.262272716	-0.589583343	1.016269016	M
-2.753503	-0.475732	0.91174	O
-2.212948	-0.763457	1.704	H
-2.753503	0.533338	0.91174	H
-2.68218338	-0.380559351	1.016269016	M
-1.361518	-5.02676	5.462768	O
-1.361518	-5.02676	6.471838	H
-0.534879	-5.02676	4.887576	H
-1.252453095	-5.02676	5.520012895	M
-8.692003	-5.02676	5.462768	O
-8.151535	-5.819107	5.175043	H
-8.151535	-4.234413	5.175043	H
-8.549386717	-5.02676	5.386844411	M
-1.361518	-5.02676	8.237711	O
-1.901986	-5.819107	8.525436	H
-1.901986	-4.234413	8.525436	H
-1.504134283	-5.02676	8.313634589	M
-8.692003	-5.02676	8.237711	O
-8.692003	-5.02676	7.228641	H
-8.151535	-5.819107	8.525436	H
-8.620694858	-5.131300495	8.142538351	M
-5.02676	-3.639289	3.184997	O
-4.234413	-3.351477	3.725552	H
-5.02676	-3.064097	2.358358	H
-4.922219505	-3.525426178	3.147251716	M
-5.02676	-3.639289	10.515482	O
-5.02676	-3.064097	11.342121	H
-4.234413	-3.351477	9.974927	H
-4.922219505	-3.525426178	10.55322728	M
-5.02676	-6.414232	3.184997	O
-5.02676	-5.405162	3.184997	H
-4.234413	-6.702044	3.725552	H
-4.922219505	-6.319070829	3.25631662	M
-5.02676	-6.414232	10.515482	O
-5.02676	-5.405162	10.515482	H
-4.234413	-6.702044	9.974927	H
-4.922219505	-6.319070829	10.44416238	M
-3.639289	-1.361518	6.85024	O
-4.648359	-1.361518	6.85024	H
-3.064097	-0.534879	6.85024	H
-3.696533895	-1.252453095	6.85024	M
-3.639289	-8.692003	6.85024	O
-3.351477	-8.151535	6.057979	H
-3.064097	-9.518642	6.85024	H
-3.525426178	-8.729759763	6.745710852	M
-6.414232	-1.361518	6.85024	O
-6.702044	-1.901986	7.6425	H
-6.989424	-0.534879	6.85024	H
-6.528094822	-1.323761237	6.954769016	M
-6.414232	-8.692003	6.85024	O
-5.405162	-8.692003	6.85024	H
-6.702044	-8.151535	7.6425	H
-6.319070829	-8.620694858	6.954769016	M
-8.786544	-8.786544	3.090456	O
-9.578804	-8.245989	2.802731	H
-8.211697	-8.211697	3.665389	H
-8.815228986	-8.639380349	3.128349583	M
-1.266977	-1.266977	3.090456	O
-1.841824	-1.841824	3.665389	H
-0.979252	-0.474716	3.631011	H
-1.304859236	-1.238291882	3.237630997	M
-1.266977	-8.786544	10.609785	O
-1.807532	-9.074183	11.402132	H
-0.474716	-8.245989	10.897597	H
-1.233767472	-8.753174827	10.75229877	M
-8.786544	-1.266977	10.609785	O
-9.578804	-1.807532	10.897597	H
-8.211697	-1.841824	10.034938	H
-8.815228986	-1.414140651	10.57191424	M
-2.847806	-2.847806	4.671523	O
-2.307338	-3.640153	4.959248	H
-3.135618	-2.307338	5.463784	H
-2.814471131	-2.881038353	4.814013943	M
-7.205715	-7.205715	4.671523	O
-6.413368	-6.917903	4.130968	H
-6.917903	-7.746183	5.463784	H
-7.063201232	-7.239049869	4.704732528	M
-2.847806	-7.205715	9.028956	O
-3.135618	-7.746183	8.236696	H
-2.272959	-7.780562	9.603803	H
-2.809935243	-7.352867172	9.000271014	M
-7.205715	-2.847806	9.028956	O
-7.746183	-3.640153	8.741231	H
-6.413368	-3.135618	9.569511	H
-7.172482647	-2.990319768	9.062313826	M
-1.266977	-1.266977	10.609785	O
-1.807532	-0.979252	11.402132	H
-0.979252	-0.474716	10.069317	H
-1.300334826	-1.124486057	10.64301735	M
-8.786544	-8.786544	10.609785	O
-8.245989	-9.074183	11.402132	H
-9.074183	-9.578804	10.069317	H
-8.753174827	-8.929023464	10.64301735	M
-8.786544	-1.266977	3.090456	O
-8.211697	-1.841824	3.665389	H
-9.074183	-0.474716	3.631011	H
-8.748650417	-1.238291882	3.237630997	M
-1.266977	-8.786544	3.090456	O
-0.979252	-9.578804	3.631011	H
-0.474716	-8.245989	2.802731	H
-1.124486057	-8.819753396	3.123813826	M
-7.205715	-7.205715	9.028956	O
-6.413368	-6.917903	9.569511	H
-7.780562	-7.780562	9.603803	H
-7.177018535	-7.243585757	9.176119651	M
-2.847806	-2.847806	9.028956	O
-3.135618	-2.307338	8.236696	H
-2.272959	-2.272959	9.603803	H
-2.809935243	-2.700653828	9.000271014	M
-7.205715	-2.847806	4.671523	O
-6.413368	-3.135618	4.130968	H
-6.917903	-2.307338	5.463784	H
-7.063201232	-2.814471131	4.704732528	M
-2.847806	-7.205715	4.671523	O
-2.307338	-6.413368	4.959248	H
-2.272959	-7.780562	4.09659	H
-2.700653828	-7.177018535	4.633629417	M
-10.96526	-5.02676	3.88099	O
-10.96526	-5.853399	3.305798	H
-10.138621	-5.02676	4.456182	H
-10.8561951	-5.135824905	3.88099	M
-10.96526	-5.02676	9.81949	O
-10.96526	-5.853399	10.394682	H
-10.138621	-5.02676	9.244298	H
-10.8561951	-5.135824905	9.81949	M
-7.99601	-10.96526	6.85024	O
-8.571116	-10.96526	6.023601	H
-7.420818	-10.138621	6.85024	H
-7.995998653	-10.8561951	6.741175095	M
-2.05751	-10.96526	6.85024	O
-1.482318	-10.96526	7.676879	H
-2.632702	-11.791899	6.85024	H
-2.05751	-11.0743249	6.959304905	M
-5.02676	-7.99601	0.91174	O
-5.02676	-7.420818	0.0851	H
-5.02676	-7.420818	1.738379	H
-5.02676	-7.844230902	0.911739868	M
-5.02676	-2.05751	0.91174	O
-5.02676	-2.632702	0.0851	H
-4.200121	-1.482318	0.91174	H
-4.917695095	-2.05751	0.802674963	M
0.91174	-7.300018	2.299211	O
0.91174	-7.300018	1.290141	H
1.704	-7.840573	2.586936	H
1.016269016	-7.37133762	2.204038351	M
0.91174	-2.753503	2.299211	O
0.119479	-2.212948	2.586936	H
0.91174	-3.580142	2.874403	H
0.807210852	-2.791248284	2.413062343	M
0.91174	-7.300018	11.401268	O
0.91174	-7.300018	12.410424	H
0.91174	-6.473379	10.826076	H
0.91174	-7.190953095	11.45852424	M
0.91174	-2.753503	11.401268	O
0.119479	-2.212948	11.113456	H
0.91174	-3.580142	10.826076	H
0.807210852	-2.791248284	11.28740518	M
2.299211	-10.96526	4.576982	O
2.586936	-10.173	4.036427	H
2.874403	-10.96526	5.403621	H
2.413062343	-10.86073098	4.614727284	M
2.299211	-10.96526	9.123497	O
1.290141	-10.96526	9.123497	H
2.586936	-11.757607	9.663965	H
2.204038351	-11.06980049	9.194805142	M
11.401268	-10.96526	4.576982	O
12.410424	-10.96526	4.576982	H
11.113456	-11.757607	4.036427	H
11.49644052	-11.06980049	4.50566238	M
11.401268	-10.96526	9.123497	O
11.113456	-10.173	9.663965	H
10.826076	-10.96526	8.296858	H
11.28740518	-10.86073098	9.085740237	M
4.576982	-9.577552	0.91174	O
4.036427	-9.289913	0.119479	H
4.576982	-10.586708	0.91174	H
4.50566238	-9.672747343	0.807210852	M
9.123497	-9.577552	0.91174	O
9.663965	-9.289913	1.704	H
9.123497	-10.586708	0.91174	H
9.194805142	-9.672747343	1.016269016	M
4.576982	-0.475732	0.91174	O
4.036427	-0.763457	1.704	H
4.576982	0.533338	0.91174	H
4.50566238	-0.380559351	1.016269016	M
9.123497	-0.475732	0.91174	O
9.663965	-0.763457	0.119479	H
8.296858	-1.050924	0.91174	H
9.085740237	-0.589583343	0.807210852	M
10.515482	-5.02676	5.462768	O
11.342121	-5.02676	4.887576	H
10.515482	-5.02676	6.471838	H
10.6245469	-5.02676	5.520012895	M
3.184997	-5.02676	5.462768	O
3.725552	-5.819107	5.175043	H
3.725552	-4.234413	5.175043	H
3.327636241	-5.02676	5.386844411	M
10.515482	-5.02676	8.237711	O
11.342121	-5.02676	8.812903	H
9.974927	-4.234413	8.525436	H
10.55322728	-4.922219505	8.351562343	M
3.184997	-5.02676	8.237711	O
3.184997	-5.02676	7.228641	H
3.725552	-5.819107	8.525436	H
3.25631662	-5.131300495	8.142538351	M
6.85024	-3.639289	3.184997	O
7.6425	-3.351477	3.725552	H
6.85024	-3.064097	2.358358	H
6.954769016	-3.525426178	3.147251716	M
6.85024	-3.639289	10.515482	O
6.85024	-3.064097	11.342121	H
7.6425	-3.351477	9.974927	H
6.954769016	-3.525426178	10.55322728	M
6.85024	-6.414232	3.184997	O
6.85024	-5.405162	3.184997	H
6.85024	-6.989424	2.358358	H
6.85024	-6.356987105	3.075932095	M
6.85024	-6.414232	10.515482	O
6.85024	-5.405162	10.515482	H
7.6425	-6.702044	9.974927	H
6.954769016	-6.319070829	10.44416238	M
8.237711	-1.361518	6.85024	O
7.228641	-1.361518	6.85024	H
8.525436	-1.901986	6.057979	H
8.142538351	-1.432826142	6.745710852	M
8.237711	-8.692003	6.85024	O
8.525436	-8.151535	7.6425	H
8.525436	-8.151535	6.057979	H
8.313634589	-8.549386717	6.850239868	M
5.462768	-1.361518	6.85024	O
5.175043	-1.901986	7.6425	H
5.175043	-1.901986	6.057979	H
5.386844411	-1.504134283	6.850239868	M
5.462768	-8.692003	6.85024	O
6.471838	-8.692003	6.85024	H
5.175043	-8.151535	7.6425	H
5.557940649	-8.620694858	6.954769016	M
3.090456	-8.786544	3.090456	O
3.631011	-9.074183	2.298196	H
3.665389	-8.211697	3.665389	H
3.237630997	-8.748650417	3.061782361	M
10.609785	-1.266977	3.090456	O
11.402132	-1.807532	2.802731	H
10.069317	-0.979252	2.298196	H
10.64301735	-1.300334826	2.947965189	M
10.609785	-8.786544	10.609785	O
10.069317	-9.074183	11.402132	H
11.402132	-8.245989	10.897597	H
10.64301735	-8.753174827	10.75229877	M
3.090456	-1.266977	10.609785	O
2.298196	-1.807532	10.897597	H
3.665389	-1.841824	10.034938	H
3.061782361	-1.414140651	10.57191424	M
9.028956	-2.847806	4.671523	O
9.569511	-3.640153	4.959248	H
9.603803	-2.272959	4.09659	H
9.176119651	-2.876502465	4.633629417	M
4.671523	-7.205715	4.671523	O
5.463784	-6.917903	4.130968	H
4.959248	-7.746183	5.463784	H
4.814013943	-7.239049869	4.704732528	M
9.028956	-7.205715	9.028956	O
9.569511	-6.413368	8.741231	H
9.603803	-7.780562	9.603803	H
9.176119651	-7.177018535	9.066838236	M
4.671523	-2.847806	9.028956	O
4.130968	-3.640153	8.741231	H
5.463784	-3.135618	9.569511	H
4.704732528	-2.990319768	9.062313826	M
10.609785	-1.266977	10.609785	O
10.069317	-0.979252	11.402132	H
10.897597	-0.474716	10.069317	H
10.57645013	-1.124486057	10.64301735	M
3.090456	-8.786544	10.609785	O
2.298196	-8.245989	10.897597	H
2.802731	-9.578804	10.069317	H
2.947965189	-8.819753396	10.57645013	M
3.090456	-1.266977	3.090456	O
2.298196	-1.807532	2.802731	H
2.802731	-0.474716	3.631011	H
2.947965189	-1.233767472	3.123813826	M
10.609785	-8.786544	3.090456	O
10.897597	-9.578804	3.631011	H
10.034938	-8.211697	3.665389	H
10.57191424	-8.815228986	3.237630997	M
4.671523	-7.205715	9.028956	O
5.463784	-6.917903	9.569511	H
4.09659	-7.780562	9.603803	H
4.700196771	-7.243585757	9.176119651	M
9.028956	-2.847806	9.028956	O
8.741231	-2.307338	8.236696	H
9.603803	-2.272959	9.603803	H
9.066838236	-2.700653828	9.000271014	M
4.671523	-2.847806	4.671523	O
5.463784	-3.135618	4.130968	H
4.09659	-2.272959	4.09659	H
4.700196771	-2.809935243	4.524348003	M
9.028956	-7.205715	4.671523	O
9.569511	-6.413368	4.959248	H
8.236696	-6.917903	4.130968	H
8.995746604	-7.063201232	4.638165174	M
0.91174	-5.02676	3.88099	O
0.91174	-5.853399	3.305798	H
1.738379	-5.02676	4.456182	H
1.020804905	-5.135824905	3.88099	M
0.91174	-5.02676	9.81949	O
0.0851	-5.02676	9.244298	H
1.738379	-5.02676	9.244298	H
0.911739868	-5.02676	9.667710902	M
3.88099	-10.96526	6.85024	O
3.305798	-10.96526	7.676879	H
4.456182	-10.138621	6.85024	H
3.88099	-10.8561951	6.959304905	M
9.81949	-10.96526	6.85024	O
10.394682	-10.96526	6.023601	H
9.244298	-10.138621	6.85024	H
9.81949	-10.8561951	6.741175095	M
6.85024	-7.99601	0.91174	O
6.023601	-8.571116	0.91174	H
7.676879	-8.571116	0.91174	H
6.85024	-8.147766404	0.91174	M
6.85024	-2.05751	0.91174	O
6.85024	-2.632702	0.0851	H
6.023601	-1.482318	0.91174	H
6.741175095	-2.05751	0.802674963	M
-10.96526	4.576982	2.299211	O
-10.96526	4.576982	1.290141	H
-10.96526	5.403621	2.874403	H
-10.96526	4.686046905	2.241966105	M
-10.96526	9.123497	2.299211	O
-10.96526	9.123497	1.290141	H
-10.96526	8.296858	2.874403	H
-10.96526	9.014432095	2.241966105	M
-10.96526	4.576982	11.401268	O
-10.96526	5.403621	10.826076	H
-11.757607	4.036427	11.113456	H
-11.06980049	4.614727284	11.28740518	M
-10.96526	9.123497	11.401268	O
-10.173	9.663965	11.113456	H
-11.757607	9.663965	11.113456	H
-10.96527148	9.266113283	11.32532145	M
-9.577552	0.91174	4.576982	O
-9.289913	1.704	4.036427	H
-10.586708	0.91174	4.576982	H
-9.672747343	1.016269016	4.50566238	M
-9.577552	0.91174	9.123497	O
-9.289913	0.119479	9.663965	H
-9.002446	0.91174	8.296858	H
-9.46372335	0.807210852	9.085740237	M
-0.475732	0.91174	4.576982	O
-0.763457	1.704	4.036427	H
-1.050924	0.91174	5.403621	H
-0.589583343	1.016269016	4.614727284	M
-0.475732	0.91174	9.123497	O
-0.763457	1.704	9.663965	H
0.533338	0.91174	9.123497	H
-0.380559351	1.016269016	9.194805142	M
-7.300018	2.299211	0.91174	O
-7.300018	1.290141	0.91174	H
-7.840573	2.586936	1.704	H
-7.37133762	2.204038351	1.016269016	M
-2.753503	2.299211	0.91174	O
-2.212948	2.586936	0.119479	H
-2.212948	2.586936	1.704	H
-2.610863759	2.375134589	0.911739868	M
-7.300018	11.401268	0.91174	O
-7.300018	12.410424	0.91174	H
-7.840573	11.113456	1.704	H
-7.37133762	11.49644052	1.016269016	M
-2.753503	11.401268	0.91174	O
-2.753503	12.410424	0.91174	H
-3.580142	10.826076	0.91174	H
-2.862567905	11.45852424	0.91174	M
-1.361518	6.85024	5.462768	O
-1.361518	6.85024	6.471838	H
-1.901986	7.6425	5.175043	H
-1.432826142	6.954769016	5.557940649	M
-8.692003	6.85024	5.462768	O
-8.692003	6.85024	6.471838	H
-8.151535	6.057979	5.175043	H
-8.620694858	6.745710852	5.557940649	M
-1.361518	6.85024	8.237711	O
-1.901986	7.6425	8.525436	H
-0.534879	6.85024	8.812903	H
-1.323761237	6.954769016	8.351562343	M
-8.692003	6.85024	8.237711	O
-8.151535	6.057979	8.525436	H
-9.518642	6.85024	8.812903	H
-8.729759763	6.745710852	8.351562343	M
-5.02676	8.237711	3.184997	O
-5.819107	8.525436	3.725552	H
-5.02676	8.812903	2.358358	H
-5.131300495	8.351562343	3.147251716	M
-5.02676	8.237711	10.515482	O
-5.02676	8.812903	11.342121	H
-5.02676	7.228641	10.515482	H
-5.02676	8.180466105	10.6245469	M
-5.02676	5.462768	3.184997	O
-5.02676	6.471838	3.184997	H
-5.02676	4.887576	2.358358	H
-5.02676	5.520012895	3.075932095	M
-5.02676	5.462768	10.515482	O
-5.02676	4.887576	11.342121	H
-4.234413	5.175043	9.974927	H
-4.922219505	5.348916657	10.55322728	M
-3.639289	10.515482	6.85024	O
-4.648359	10.515482	6.85024	H
-3.351477	9.974927	6.057979	H
-3.734450171	10.44416238	6.745710852	M
-3.639289	3.184997	6.85024	O
-3.351477	3.725552	7.6425	H
-3.351477	3.725552	6.057979	H
-3.563342454	3.327636241	6.850239868	M
-6.414232	10.515482	6.85024	O
-6.989424	11.342121	6.85024	H
-6.702044	9.974927	7.6425	H
-6.528094822	10.55322728	6.954769016	M
-6.414232	3.184997	6.85024	O
-5.405162	3.184997	6.85024	H
-6.702044	3.725552	7.6425	H
-6.319070829	3.25631662	6.954769016	M
-8.786544	3.090456	3.090456	O
-9.578804	3.631011	2.802731	H
-8.211697	3.665389	3.665389	H
-8.815228986	3.237630997	3.128349583	M
-1.266977	10.609785	3.090456	O
-0.979252	11.402132	3.631011	H
-1.807532	10.897597	2.298196	H
-1.300334826	10.75229877	3.057246604	M
-1.266977	3.090456	10.609785	O
-1.807532	2.802731	11.402132	H
-0.474716	3.631011	10.897597	H
-1.233767472	3.123813826	10.75229877	M
-8.786544	10.609785	10.609785	O
-9.074183	11.402132	10.069317	H
-8.211697	10.034938	10.034938	H
-8.748650417	10.63848146	10.46263283	M
-2.847806	9.028956	4.671523	O
-3.640153	8.741231	4.130968	H
-2.272959	9.603803	4.09659	H
-2.876502465	9.066838236	4.524348003	M
-7.205715	4.671523	4.671523	O
-6.413368	4.959248	4.130968	H
-6.917903	4.130968	5.463784	H
-7.063201232	4.638165174	4.704732528	M
-2.847806	4.671523	9.028956	O
-2.307338	5.463784	8.741231	H
-2.272959	4.09659	9.603803	H
-2.700653828	4.700196771	9.066838236	M
-7.205715	9.028956	9.028956	O
-7.746183	8.236696	8.741231	H
-6.413368	8.741231	9.569511	H
-7.172482647	8.886465189	9.062313826	M
-1.266977	10.609785	10.609785	O
-1.841824	10.034938	10.034938	H
-0.474716	10.069317	10.897597	H
-1.238291882	10.46263283	10.57191424	M
-8.786544	3.090456	10.609785	O
-9.578804	3.631011	10.897597	H
-9.074183	2.298196	10.069317	H
-8.929023464	3.057246604	10.57645013	M
-8.786544	10.609785	3.090456	O
-9.578804	10.069317	2.802731	H
-8.211697	10.034938	3.665389	H
-8.815228986	10.46263283	3.128349583	M
-1.266977	3.090456	3.090456	O
-1.841824	3.665389	3.665389	H
-0.474716	3.631011	2.802731	H
-1.238291882	3.237630997	3.128349583	M
-7.205715	4.671523	9.028956	O
-6.413368	4.959248	9.569511	H
-7.780562	4.09659	9.603803	H
-7.177018535	4.633629417	9.176119651	M
-2.847806	9.028956	9.028956	O
-3.640153	8.741231	9.569511	H
-3.135618	9.569511	8.236696	H
-2.990319768	9.062313826	8.995746604	M
-7.205715	9.028956	4.671523	O
-7.746183	8.236696	4.959248	H
-6.917903	9.569511	5.463784	H
-7.239049869	8.995746604	4.814013943	M
-2.847806	4.671523	4.671523	O
-2.307338	5.463784	4.959248	H
-3.640153	4.959248	4.130968	H
-2.881038353	4.814013943	4.638165174	M
-10.96526	6.85024	3.88099	O
-10.138621	6.85024	4.456182	H
-11.791899	6.85024	4.456182	H
-10.96526	6.85024	4.032769098	M
-10.96526	6.85024	9.81949	O
-10.96526	7.676879	10.394682	H
-11.791899	6.85024	9.244298	H
-11.0743249	6.959304905	9.81949	M
-7.99601	0.91174	6.85024	O
-8.571116	0.91174	6.023601	H
-7.420818	1.738379	6.85024	H
-7.995998653	1.020804905	6.741175095	M
-2.05751	0.91174	6.85024	O
-1.482318	0.91174	7.676879	H
-2.632702	1.738379	6.85024	H
-2.05751	1.020804905	6.959304905	M
-5.02676	3.88099	0.91174	O
-5.853399	3.305798	0.91174	H
-4.200121	3.305798	0.91174	H
-5.02676	3.729210902	0.91174	M
-5.02676	9.81949	0.91174	O
-5.02676	9.244298	0.0851	H
-5.853399	10.394682	0.91174	H
-5.135824905	9.81949	0.802674963	M
0.91174	4.576982	2.299211	O
1.704	4.036427	2.586936	H
0.91174	5.403621	2.874403	H
1.016269016	4.614727284	2.413062343	M
0.91174	9.123497	2.299211	O
0.119479	9.663965	2.586936	H
1.704	9.663965	2.586936	H
0.911739868	9.266113283	2.375134589	M
0.91174	4.576982	11.401268	O
0.91174	4.576982	12.410424	H
0.91174	5.403621	10.826076	H
0.91174	4.686046905	11.45852424	M
0.91174	9.123497	11.401268	O
0.91174	9.123497	12.410424	H
1.704	9.663965	11.113456	H
1.016269016	9.194805142	11.49644052	M
2.299211	0.91174	4.576982	O
1.290141	0.91174	4.576982	H
2.874403	0.91174	5.403621	H
2.241966105	0.91174	4.686046905	M
2.299211	0.91174	9.123497	O
2.586936	0.119479	9.663965	H
2.874403	0.91174	8.296858	H
2.413062343	0.807210852	9.085740237	M
11.401268	0.91174	4.576982	O
11.113456	0.119479	4.036427	H
11.113456	1.704	4.036427	H
11.32532145	0.911739868	4.434342759	M
11.401268	0.91174	9.123497	O
12.410424	0.91174	9.123497	H
10.826076	0.91174	8.296858	H
11.45852424	0.91174	9.014432095	M
4.576982	2.299211	0.91174	O
4.036427	2.586936	0.119479	H
5.403621	2.874403	0.91174	H
4.614727284	2.413062343	0.807210852	M
9.123497	2.299211	0.91174	O
9.123497	1.290141	0.91174	H
9.663965	2.586936	1.704	H
9.194805142	2.204038351	1.016269016	M
4.576982	11.401268	0.91174	O
4.036427	11.113456	0.119479	H
4.036427	11.113456	1.704	H
4.434342759	11.32532145	0.911739868	M
9.123497	11.401268	0.91174	O
9.663965	11.113456	0.119479	H
8.296858	10.826076	0.91174	H
9.085740237	11.28740518	0.807210852	M
10.515482	6.85024	5.462768	O
10.515482	6.85024	6.471838	H
9.974927	6.057979	5.175043	H
10.44416238	6.745710852	5.557940649	M
3.184997	6.85024	5.462768	O
3.725552	6.057979	5.175043	H
2.358358	6.85024	4.887576	H
3.147251716	6.745710852	5.348916657	M
10.515482	6.85024	8.237711	O
9.974927	6.057979	8.525436	H
9.974927	7.6425	8.525436	H
10.37284276	6.850239868	8.313634589	M
3.184997	6.85024	8.237711	O
3.184997	6.85024	7.228641	H
3.725552	6.057979	8.525436	H
3.25631662	6.745710852	8.142538351	M
6.85024	8.237711	3.184997	O
7.6425	8.525436	3.725552	H
6.057979	8.525436	3.725552	H
6.850239868	8.313634589	3.327636241	M
6.85024	8.237711	10.515482	O
6.85024	8.812903	11.342121	H
6.057979	8.525436	9.974927	H
6.745710852	8.351562343	10.55322728	M
6.85024	5.462768	3.184997	O
6.85024	6.471838	3.184997	H
6.85024	4.887576	2.358358	H
6.85024	5.520012895	3.075932095	M
6.85024	5.462768	10.515482	O
6.85024	4.887576	11.342121	H
6.85024	6.471838	10.515482	H
6.85024	5.520012895	10.6245469	M
8.237711	10.515482	6.85024	O
8.812903	11.342121	6.85024	H
8.525436	9.974927	6.057979	H
8.351562343	10.55322728	6.745710852	M
8.237711	3.184997	6.85024	O
7.228641	3.184997	6.85024	H
8.812903	2.358358	6.85024	H
8.180466105	3.075932095	6.85024	M
5.462768	10.515482	6.85024	O
4.887576	11.342121	6.85024	H
6.471838	10.515482	6.85024	H
5.520012895	10.6245469	6.85024	M
5.462768	3.184997	6.85024	O
5.175043	3.725552	6.057979	H
5.175043	3.725552	7.6425	H
5.386844411	3.327636241	6.850239868	M
3.090456	3.090456	3.090456	O
2.802731	2.298196	3.631011	H
3.631011	2.802731	2.298196	H
3.123813826	2.947965189	3.057246604	M
10.609785	10.609785	3.090456	O
11.402132	10.069317	2.802731	H
10.069317	10.897597	2.298196	H
10.64301735	10.57645013	2.947965189	M
10.609785	3.090456	10.609785	O
10.897597	2.298196	10.069317	H
10.034938	3.665389	10.034938	H
10.57191424	3.061782361	10.46263283	M
3.090456	10.609785	10.609785	O
3.631011	10.897597	11.402132	H
3.665389	10.034938	10.034938	H
3.237630997	10.57191424	10.63848146	M
9.028956	9.028956	4.671523	O
9.569511	8.236696	4.959248	H
9.603803	9.603803	4.09659	H
9.176119651	9.000271014	4.633629417	M
4.671523	4.671523	4.671523	O
5.463784	4.959248	4.130968	H
4.09659	4.09659	4.09659	H
4.700196771	4.633629417	4.524348003	M
9.028956	4.671523	9.028956	O
8.236696	4.959248	9.569511	H
8.741231	4.130968	8.236696	H
8.886465189	4.638165174	8.995746604	M
4.671523	9.028956	9.028956	O
4.130968	8.236696	8.741231	H
4.959248	9.569511	8.236696	H
4.638165174	8.995746604	8.886465189	M
10.609785	10.609785	10.609785	O
10.897597	11.402132	10.069317	H
10.034938	10.034938	10.034938	H
10.57191424	10.63848146	10.46263283	M
3.090456	3.090456	10.609785	O
2.298196	3.631011	10.897597	H
2.802731	2.298196	10.069317	H
2.947965189	3.057246604	10.57645013	M
3.090456	10.609785	3.090456	O
2.802731	11.402132	3.631011	H
3.665389	10.034938	3.665389	H
3.128349583	10.63848146	3.237630997	M
10.609785	3.090456	3.090456	O
11.402132	3.631011	2.802731	H
10.034938	3.665389	3.665389	H
10.63848146	3.237630997	3.128349583	M
4.671523	4.671523	9.028956	O
5.463784	4.959248	9.569511	H
4.09659	4.09659	9.603803	H
4.700196771	4.633629417	9.176119651	M
9.028956	9.028956	9.028956	O
8.236696	8.741231	9.569511	H
8.741231	9.569511	8.236696	H
8.886465189	9.062313826	8.995746604	M
4.671523	9.028956	4.671523	O
4.130968	8.236696	4.959248	H
4.959248	9.569511	5.463784	H
4.638165174	8.995746604	4.814013943	M
9.028956	4.671523	4.671523	O
8.236696	4.959248	4.130968	H
8.741231	4.130968	5.463784	H
8.886465189	4.638165174	4.704732528	M
0.91174	6.85024	3.88099	O
0.0851	6.85024	4.456182	H
0.91174	7.676879	3.305798	H
0.802674963	6.959304905	3.88099	M
0.91174	6.85024	9.81949	O
0.91174	7.676879	10.394682	H
1.738379	6.85024	9.244298	H
1.020804905	6.959304905	9.81949	M
3.88099	0.91174	6.85024	O
4.456182	0.0851	6.85024	H
4.456182	1.738379	6.85024	H
4.032769098	0.911739868	6.85024	M
9.81949	0.91174	6.85024	O
9.244298	0.0851	6.85024	H
10.394682	0.91174	6.023601	H
9.81949	0.802674963	6.741175095	M
6.85024	3.88099	0.91174	O
6.85024	4.456182	0.0851	H
7.676879	3.305798	0.91174	H
6.959304905	3.88099	0.802674963	M
6.85024	9.81949	0.91174	O
6.023601	10.394682	0.91174	H
6.85024	9.244298	1.738379	H
6.741175095	9.81949	1.020804905	M
1.848	0	0	O
3.008	0	0	C
4.168	0	0	O
7.863	0	0	O
9.023	0	0	C
10.183	0	0	O
-1.16	2.992	6.015	O
0	2.992	6.015	C
1.16	2.992	6.015	O
-1.16	9.038	6.015	O
0	9.038	6.015	C
1.16	9.038	6.015	O
4.855	6.015	2.992	O
6.015	6.015	2.992	C
7.175	6.015	2.992	O
4.855	6.015	9.038	O
6.015	6.015	9.038	C
7.175	6.015	9.038	O
13.878	0	0	O
15.038	0	0	C
16.198	0	0	O
19.893	0	6.015	O
21.053	0	6.015	C
22.213	0	6.015	O
10.87	2.992	6.015	O
12.03	2.992	6.015	C
13.19	2.992	6.015	O
10.87	9.038	2.992	O
12.03	9.038	2.992	C
13.19	9.038	2.992	O
16.885	6.015	9.038	O
18.045	6.015	9.038	C
19.205	6.015	9.038	O
16.885	6.015	3.00607	O
18.045	6.015	3.00607	C
19.205	6.015	3.00607	O
1.848	12.03	0	O
3.008	12.03	0	C
4.168	12.03	0	O
7.863	12.03	0	O
9.023	12.03	0	C
10.183	12.03	0	O
-1.16	15.022	6.015	O
0	15.022	6.015	C
1.16	15.022	6.015	O
-1.16	21.068	6.015	O
0	21.068	6.015	C
1.16	21.068	6.015	O
4.855	18.045	2.992	O
6.015	18.045	2.992	C
7.175	18.045	2.992	O
4.855	18.045	9.038	O
6.015	18.045	9.038	C
7.175	18.045	9.038	O
1.848	0	12.03	O
3.008	0	12.03	C
4.168	0	12.03	O
7.863	0	12.03	O
9.023	0	12.03	C
10.183	0	12.03	O
-1.16	2.992	18.045	O
0	2.992	18.045	C
1.16	2.992	18.045	O
-1.16	9.038	18.045	O
0	9.038	18.045	C
1.16	9.038	18.045	O
4.855	6.015	15.022	O
6.015	6.015	15.022	C
7.175	6.015	15.022	O
4.855	6.015	21.068	O
6.015	6.015	21.068	C
7.175	6.015	21.068	O
13.878	12.03	0	O
15.038	12.03	0	C
16.198	12.03	0	O
19.893	12.03	0	O
21.053	12.03	0	C
22.213	12.03	0	O
10.87	15.022	6.015	O
12.03	15.022	6.015	C
13.19	15.022	6.015	O
10.87	21.068	6.015	O
12.03	21.068	6.015	C
13.19	21.068	6.015	O
16.885	18.045	2.992	O
18.045	18.045	2.992	C
19.205	18.045	2.992	O
16.885	18.045	9.038	O
18.045	18.045	9.038	C
19.205	18.045	9.038	O
13.878	0	12.03	O
15.038	0	12.03	C
16.198	0	12.03	O
19.893	0	12.03	O
21.053	0	12.03	C
22.213	0	12.03	O
10.87	2.992	18.045	O
12.03	2.992	18.045	C
13.19	2.992	18.045	O
10.87	9.038	18.045	O
12.03	9.038	18.045	C
13.19	9.038	18.045	O
16.885	6.015	15.022	O
18.045	6.015	15.022	C
19.205	6.015	15.022	O
16.885	6.015	21.068	O
18.045	6.015	21.068	C
19.205	6.015	21.068	O
1.848	12.03	12.03	O
3.008	12.03	12.03	C
4.168	12.03	12.03	O
7.863	12.03	12.03	O
9.023	12.03	12.03	C
10.183	12.03	12.03	O
-1.16	15.022	18.045	O
0	15.022	18.045	C
1.16	15.022	18.045	O
-1.16	21.068	18.045	O
0	21.068	18.045	C
1.16	21.068	18.045	O
4.855	18.045	15.022	O
6.015	18.045	15.022	C
7.175	18.045	15.022	O
4.855	18.045	21.068	O
6.015	18.045	21.068	C
7.175	18.045	21.068	O
13.878	12.03	12.03	O
15.038	12.03	12.03	C
16.198	12.03	12.03	O
19.893	12.03	12.03	O
21.053	12.03	12.03	C
22.213	12.03	12.03	O
10.87	15.022	18.045	O
12.03	15.022	18.045	C
13.19	15.022	18.045	O
10.87	21.068	18.045	O
12.03	21.068	18.045	C
13.19	21.068	18.045	O
16.885	18.045	15.022	O
18.045	18.045	15.022	C
19.205	18.045	15.022	O
16.885	18.045	21.068	O
18.045	18.045	21.068	C
19.205	18.045	21.068	O
