5.92487 5.92487 5.92487 O
5.75998 6.83792 5.68955 H
5.75998 6.83792 5.68955 H
5.881359562805793 6.165801558494583 5.862774808778331 M
5.32179 5.32179 8.5662 O
5.53914 5.52632 7.65672 H
5.53914 5.52632 7.65672 H
5.379143347832866 5.375760463456434 8.326210477170305 M
7.66071 4.2387 9.64929 O
8.03033 4.60062 10.45466 H
8.03033 4.60062 10.45466 H
7.758243675757919 4.334201834127769 9.861807440736852 M
9.64929 4.2387 7.66071 O
8.95131 4.25234 8.31559 H
8.95131 4.25234 8.31559 H
9.46511015311533 4.242299262316266 7.83351681126656 M
8.5662 5.32179 5.32179 O
8.58169 4.66966 4.62128 H
8.58169 4.66966 4.62128 H
8.570287432058574 5.149708846458494 5.13694254800828 M
4.2387 7.66071 9.64929 O
4.60062 6.85534 9.27967 H
4.60062 6.85534 9.27967 H
4.334201834127769 7.448192559263148 9.551756324242081 M
4.20371 9.63809 7.64989 O
4.22695 8.98285 8.34728 H
4.22695 8.98285 8.34728 H
4.209842467465544 9.465188193540342 7.833914160318205 M
5.26439 8.54844 5.30462 O
4.8662 8.92706 6.08841 H
4.8662 8.92706 6.08841 H
5.159317400167616 8.648348555585365 5.511443006661704 M
7.59104 9.68721 4.25266 O
6.78722 9.29891 4.59812 H
6.78722 9.29891 4.59812 H
7.378931566344542 9.584747129222446 4.343818442798902 M
9.65672 7.66856 4.2634 O
9.00013 8.36495 4.27642 H
9.00013 8.36495 4.27642 H
9.483461961566226 7.852320284781822 4.266835659483708 M
11.38513 11.38513 5.92487 O
11.60951 11.60961 6.82792 H
11.60951 11.60961 6.82792 H
11.444338392853638 11.444364780407277 6.163162803130752 M
11.98821 11.98821 8.5662 O
11.1903 12.26079 9.01927 H
11.1903 12.26079 9.01927 H
11.777661070764568 12.060137193707304 8.68575408926909 M
9.64929 13.0713 9.64929 O
8.97274 13.09949 8.97274 H
8.97274 13.09949 8.97274 H
9.47076500586002 13.078738651370639 9.47076500586002 M
7.66071 13.0713 7.66071 O
8.03033 12.70938 6.85534 H
8.03033 12.70938 6.85534 H
7.758243675757919 12.97579816587223 7.448192559263148 M
8.7438 11.98821 5.32179 O
9.65123 11.75854 5.52191 H
9.65123 11.75854 5.52191 H
8.98324857798011 11.927605705558896 5.374596772340984 M
13.0713 9.64929 9.64929 O
12.71605 9.23914 10.43784 H
12.71605 9.23914 10.43784 H
12.977558215699906 9.541061448752476 9.857369054214889 M
13.10629 7.6719 7.64989 O
14.01431 7.44697 7.44707 H
14.01431 7.44697 7.44707 H
13.345894264546576 7.61254647560135 7.596370763710781 M
12.04561 8.76156 5.30462 O
11.82119 9.66486 5.52804 H
11.82119 9.66486 5.52804 H
11.986391052124906 8.999918772014846 5.36357507233871 M
5.92487 11.38513 11.38513 O
5.68711 10.48536 11.60901 H
5.68711 10.48536 11.60901 H
5.862130952469556 11.147702708628584 11.444206455085446 M
5.32179 11.98821 8.7438 O
6.12716 12.35783 8.38188 H
6.12716 12.35783 8.38188 H
5.5343074407368515 12.085743675757918 8.64829816587223 M
8.5662 11.98821 11.98821 O
8.92812 12.35783 11.18284 H
8.92812 12.35783 11.18284 H
8.661701834127769 12.085743675757918 11.775692559263149 M
5.26439 8.76156 12.00537 O
4.56555 8.73596 12.65898 H
4.56555 8.73596 12.65898 H
5.079983220154039 8.754804786268592 12.177841689335352 M
7.59104 7.62279 13.05734 O
7.87445 6.83584 12.59191 H
7.87445 6.83584 12.59191 H
7.6658249657663315 7.415133146643325 12.934524409101217 M
9.65672 9.64144 13.0466 O
8.95375 8.99183 13.03861 H
8.95375 8.99183 13.03861 H
9.471223414188778 9.47002381281018 13.044491634464299 M
11.38513 5.92487 11.38513 O
11.62289 6.82464 11.60901 H
11.62289 6.82464 11.60901 H
11.447869047530443 6.162297291371416 11.444206455085446 M
11.98821 5.32179 8.7438 O
11.77086 5.52632 9.65328 H
11.77086 5.52632 9.65328 H
11.930856652167135 5.375760463456434 8.983789522829696 M
8.7438 5.32179 11.98821 O
9.66128 5.51484 11.79534 H
9.66128 5.51484 11.79534 H
8.985900527120759 5.3727311722987565 11.937316325297793 M
12.04561 8.54844 12.00537 O
11.25391 8.92365 12.39094 H
11.25391 8.92365 12.39094 H
11.836699737845505 8.647448740006299 12.10711249056323 M
15.71263 15.71263 15.71263 O
14.79521 15.93879 15.8657 H
14.79521 15.93879 15.8657 H
15.470545305411424 15.7723080913084 15.75302142835416 M
16.31571 16.31571 13.0713 O
16.71554 15.53098 12.69638 H
16.71554 15.53098 12.69638 H
16.42121535571205 16.108638950334097 12.972367783899251 M
13.0713 16.31571 16.31571 O
12.71622 16.72167 15.52492 H
12.71622 16.72167 15.52492 H
12.977603074541092 16.42283291275008 16.107039864583612 M
16.37311 13.08906 16.33288 O
17.03457 13.12668 17.02374 H
17.03457 13.12668 17.02374 H
16.54765311229596 13.098986997678733 16.515181053065625 M
10.25237 10.25237 15.71263 O
10.10154 10.02603 14.79489 H
10.10154 10.02603 14.79489 H
10.212569652847339 10.192644411095053 15.470460865239781 M
13.97679 8.5662 13.97679 O
13.70421 9.01927 14.7747 H
13.70421 9.01927 14.7747 H
13.904862806292696 8.68575408926909 14.187338929235432 M
12.8937 9.64929 16.31571 O
13.26862 10.43402 16.71554 H
13.26862 10.43402 16.71554 H
12.99263221610075 9.856361049665905 16.42121535571205 M
8.53121 13.9656 13.98761 O
8.89891 13.5635 14.7746 H
8.89891 13.5635 14.7746 H
8.628237034728063 13.85949564682036 14.195277408378129 M
9.59189 12.87594 16.33288 O
10.39794 13.24711 16.6917 H
10.39794 13.24711 16.6917 H
9.804586876101592 12.973882682839312 16.42756381996498 M
15.71263 10.25237 10.25237 O
14.79478 10.10734 10.02268 H
14.79478 10.10734 10.02268 H
15.470431838930779 10.21410013095836 10.191760428048168 M
16.31571 9.64929 12.8937 O
16.11118 9.86664 11.98422 H
16.11118 9.86664 11.98422 H
16.261739536543566 9.706643347832866 12.653710477170307 M
16.37311 12.87594 9.63213 O
15.57951 13.33442 9.35602 H
15.57951 13.33442 9.35602 H
16.16369837432638 12.996921655920922 9.559271325649265 M
14.04646 14.01471 8.58016 O
13.35308 13.35482 8.5826 H
13.35308 13.35482 8.5826 H
13.86349398058269 13.840581172296162 8.580803856308775 M
10.25237 15.71263 10.25237 O
11.15567 15.93656 10.02844 H
11.15567 15.93656 10.02844 H
10.490728772014847 15.771719648862266 10.193280351137735 M
9.64929 16.31571 12.8937 O
9.27152 15.5136 13.25446 H
9.27152 15.5136 13.25446 H
9.54960573862056 16.104052793511755 12.988895738505565 M
12.8937 16.31571 9.64929 O
12.9066 17.01388 8.99459 H
12.9066 17.01388 8.99459 H
12.897103994419343 16.499939983236583 9.47653068632999 M
7.05763 7.05763 15.71263 O
7.26711 7.27823 14.80506 H
7.26711 7.27823 14.80506 H
7.11290664736153 7.11584094332611 15.473144479444798 M
3.33321 8.7438 13.97679 O
3.60579 8.29073 14.7747 H
3.60579 8.29073 14.7747 H
3.4051371937073034 8.624245910730913 14.187338929235432 M
4.4163 7.66071 16.31571 O
4.05438 6.85534 16.68533 H
4.05438 6.85534 16.68533 H
4.3207981658722305 7.448192559263148 16.41324367575792 M
8.77879 3.34441 13.98761 O
8.33196 3.61954 14.78816 H
8.33196 3.61954 14.78816 H
8.660882494077944 3.4170100763250804 14.198855560651484 M
7.71811 4.43406 16.33288 O
6.91206 4.06289 16.6917 H
6.91206 4.06289 16.6917 H
7.505413123898409 4.336117317160688 16.42756381996498 M
1.59737 1.59737 15.71263 O
1.43248 2.51042 15.94795 H
1.43248 2.51042 15.94795 H
1.5538595628057918 1.8383015584945825 15.77472519122167 M
0.99429 0.99429 13.0713 O
0.62467 1.79966 12.70938 H
0.62467 1.79966 12.70938 H
0.8967563242420813 1.2068074407368512 12.97579816587223 M
4.2387 0.99429 16.31571 O
4.59378 0.58833 15.52492 H
4.59378 0.58833 15.52492 H
4.332396925458909 0.8871670872499198 16.107039864583612 M
0.93689 4.22094 16.33288 O
1.74161 4.66336 16.60293 H
1.74161 4.66336 16.60293 H
1.1492359216382022 4.337683814806607 16.404139588600252 M
7.05763 1.59737 10.25237 O
7.59067 1.03519 9.69019 H
7.59067 1.03519 9.69019 H
7.198286215913644 1.449024450956153 10.104024450956153 M
7.66071 0.99429 12.8937 O
8.33726 0.31774 12.86551 H
8.33726 0.31774 12.86551 H
7.839234994139982 0.8157650058600187 12.886261348629361 M
4.4163 0.99429 9.64929 O
3.95982 1.79483 9.39044 H
3.95982 1.79483 9.39044 H
4.295846095151846 1.2055329218961208 9.580985817407237 M
3.32578 3.34106 8.5909 O
4.00494 4.01486 8.55977 H
4.00494 4.01486 8.55977 H
3.5049937092899413 3.518859336414928 8.582685554552395 M
1.59737 7.05763 10.25237 O
1.3601 6.1576 10.02904 H
1.3601 6.1576 10.02904 H
1.5347602514823835 6.820134100989126 10.193438676459564 M
0.99429 7.66071 12.8937 O
1.18321 7.47179 11.97454 H
1.18321 7.47179 11.97454 H
1.044141366333494 7.610858633666506 12.651156161978118 M
0.93689 4.43406 9.63213 O
1.73034 4.05962 9.24942 H
1.73034 4.05962 9.24942 H
1.1462620443431648 4.335254444156715 9.531142193470828 M
7.05763 15.71263 7.05763 O
6.14021 15.93879 7.2107 H
6.14021 15.93879 7.2107 H
6.8155453054114234 15.7723080913084 7.09802142835416 M
7.66071 16.31571 4.4163 O
8.35869 16.97059 4.40266 H
8.35869 16.97059 4.40266 H
7.844889846884671 16.48851681126656 4.412700737683734 M
4.4163 16.31571 7.66071 O
4.03818 15.5301 8.05577 H
4.03818 15.5301 8.05577 H
4.316523382182824 16.108406739862076 7.764956669403505 M
8.7438 13.97679 3.33321 O
8.7309 13.27862 3.98791 H
8.7309 13.27862 3.98791 H
8.740396005580658 13.792560016763415 3.5059693136700103 M
3.32578 13.96894 8.7191 O
2.53558 13.56369 8.36192 H
2.53558 13.56369 8.36192 H
3.1172655511500804 13.862004438880753 8.624848935914686 M
1.59737 10.25237 7.05763 O
2.51469 10.10393 7.28723 H
2.51469 10.10393 7.28723 H
1.8394283070349382 10.213200315379295 7.118215823153558 M
0.99429 9.64929 4.4163 O
1.19882 9.86664 5.32578 H
1.19882 9.86664 5.32578 H
1.0482604634564339 9.706643347832866 4.656289522829694 M
3.33321 8.5662 3.33321 O
3.11586 7.65672 3.12868 H
3.11586 7.65672 3.12868 H
3.2758566521671346 8.326210477170305 3.279239536543566 M
0.93689 12.87594 7.67788 O
0.54043 13.26009 6.89591 H
0.54043 13.26009 6.89591 H
0.8322739048455592 12.977307787301566 7.471537246814513 M
7.05763 10.25237 1.59737 O
7.59067 9.69019 1.03519 H
7.59067 9.69019 1.03519 H
7.198286215913644 10.104024450956153 1.449024450956153 M
4.4163 9.64929 0.99429 O
4.40266 8.95131 0.33941 H
4.40266 8.95131 0.33941 H
4.412700737683734 9.46511015311533 0.8214831887334403 M
7.71811 12.87594 0.97713 O
8.37957 12.83832 0.28627 H
8.37957 12.83832 0.28627 H
7.89265311229596 12.866013002321267 0.7948289469343768 M
1.59737 15.71263 1.59737 O
1.37344 15.93656 2.50067 H
1.37344 15.93656 2.50067 H
1.5382803511377339 15.771719648862266 1.8357287720148474 M
0.99429 16.31571 4.2387 O
1.78375 16.71722 4.6017 H
1.78375 16.71722 4.6017 H
1.2026091809529962 16.421658666613176 4.334486819707062 M
4.2387 16.31571 0.99429 O
3.32922 16.09836 1.19882 H
3.32922 16.09836 1.19882 H
3.998710477170305 16.258356652167134 1.0482604634564339 M
0.93689 13.08906 0.97713 O
1.16392 13.99395 1.19129 H
1.16392 13.99395 1.19129 H
0.9967976630250536 13.327838334117697 1.0336415848718032 M
15.71263 7.05763 7.05763 O
15.93656 7.28156 6.15433 H
15.93656 7.28156 6.15433 H
15.771719648862266 7.116719648862266 6.819271227985153 M
16.31571 7.66071 4.4163 O
16.71554 6.87598 4.04138 H
16.71554 6.87598 4.04138 H
16.42121535571205 7.453638950334096 4.31736778389925 M
13.97679 8.7438 3.33321 O
14.76322 8.36955 3.73032 H
14.76322 8.36955 3.73032 H
14.184309638077755 8.645044580508628 3.43799761425309 M
16.37311 4.43406 7.67788 O
16.13596 5.33719 7.4673 H
16.13596 5.33719 7.4673 H
16.31053191654675 4.672373913173662 7.622313089548448 M
14.04646 3.29529 8.72984 O
13.36439 3.96665 8.74704 H
13.36439 3.96665 8.74704 H
13.866478412899184 3.472445480106153 8.734378659225788 M
10.25237 1.59737 7.05763 O
11.16979 1.4443 7.28379 H
11.16979 1.4443 7.28379 H
10.494454694588578 1.55697857164584 7.1173080913084 M
9.64929 0.99429 4.4163 O
9.85382 1.21164 5.32578 H
9.85382 1.21164 5.32578 H
9.703260463456434 1.051643347832865 4.656289522829694 M
12.8937 0.99429 7.66071 O
13.32906 0.71297 6.856 H
13.32906 0.71297 6.856 H
13.008580853519744 0.9200565341047083 7.448366717117162 M
8.5662 3.33321 3.33321 O
8.91702 3.71009 2.52629 H
8.91702 3.71009 2.52629 H
8.658772815673917 3.43265941215206 3.1202835521817547 M
15.71263 1.59737 1.59737 O
15.9499 2.4974 1.37404 H
15.9499 2.4974 1.37404 H
15.775239748517617 1.8348658990108746 1.5384386764595637 M
16.31571 0.99429 4.2387 O
15.50775 0.62425 4.59437 H
15.50775 0.62425 4.59437 H
16.102509121623918 0.8966454965168004 4.332552612025374 M
13.0713 0.99429 0.99429 O
12.72048 0.61741 1.80121 H
12.72048 0.61741 1.80121 H
12.978727184326083 0.8948405878479401 1.207216447818245 M
16.37311 4.22094 0.97713 O
15.58103 4.59514 0.59135 H
15.58103 4.59514 0.59135 H
16.164099465141682 4.319682225714553 0.8753320955741306 M
10.25237 7.05763 1.59737 O
10.00587 6.14631 1.43937 H
10.00587 6.14631 1.43937 H
10.187324680281568 6.8171549461833605 1.5556776652514712 M
12.8937 7.66071 0.99429 O
11.98422 7.45618 1.21164 H
11.98422 7.45618 1.21164 H
12.653710477170307 7.606739536543566 1.051643347832865 M
9.59189 4.43406 0.97713 O
10.38397 4.05986 0.59135 H
10.38397 4.05986 0.59135 H
9.80090053485832 4.335317774285446 0.8753320955741306 M
11.38513 2.73013 14.57987 O
11.53976 2.95616 15.49706 H
11.53976 2.95616 15.49706 H
11.425933074190917 2.78977378748867 14.82189400321521 M
11.98821 3.33321 17.2212 O
12.68619 3.98809 17.23484 H
12.68619 3.98809 17.23484 H
12.172389846884672 3.5060168112665595 17.224799262316264 M
12.04561 0.10656 13.95962 O
11.23956 -0.26461 13.6008 H
11.23956 -0.26461 13.6008 H
11.832913123898408 0.008617317160687518 13.864936180035018 M
2.73013 11.38513 14.57987 O
2.95629 10.46771 14.4268 H
2.95629 10.46771 14.4268 H
2.7898080913084002 11.143045305411423 14.53947857164584 M
3.33321 11.98821 17.2212 O
3.73304 11.20348 17.59612 H
3.73304 11.20348 17.59612 H
3.438715355712052 11.781138950334096 17.32013221610075 M
0.0888 11.98821 13.97679 O
-0.26202 12.36509 14.78371 H
-0.26202 12.36509 14.78371 H
-0.0037728156739165325 12.08765941215206 14.189716447818244 M
14.57987 5.92487 14.57987 O
14.35436 6.8274 14.35447 H
14.35436 6.8274 14.35447 H
14.52036342779025 6.163025587851833 14.520392454099252 M
13.97679 5.32179 17.2212 O
13.60717 6.12716 17.58312 H
13.60717 6.12716 17.58312 H
13.87925632424208 5.5343074407368515 17.31670183412777 M
17.2212 5.32179 13.97679 O
17.58312 6.12716 13.60717 H
17.58312 6.12716 13.60717 H
17.31670183412777 5.5343074407368515 13.87925632424208 M
5.92487 14.57987 14.57987 O
6.84219 14.43143 14.35027 H
6.84219 14.43143 14.35027 H
6.166928307034939 14.540700315379294 14.519284176846442 M
5.32179 13.97679 17.2212 O
5.53296 14.18359 16.31078 H
5.53296 14.18359 16.31078 H
5.3775125970180175 14.031359460924023 16.980962434166102 M
5.26439 17.20344 13.95962 O
6.05647 17.57764 13.57385 H
6.05647 17.57764 13.57385 H
5.473400534858319 17.302182225714553 13.857824734329494 M
2.73013 2.73013 5.92487 O
1.81228 2.87516 5.69518 H
1.81228 2.87516 5.69518 H
2.4879318389307783 2.76839986904164 5.864260428048167 M
0.0888 3.33321 5.32179 O
-0.35044 3.60538 6.12754 H
-0.35044 3.60538 6.12754 H
-0.027104690600909573 3.4050290047373863 5.534407713440677 M
3.39061 0.10656 5.30462 O
3.78707 -0.27759 6.08659 H
3.78707 -0.27759 6.08659 H
3.495226095154441 0.005192212698434978 5.510962753185487 M
2.73013 14.57987 11.38513 O
2.95217 14.35267 10.48219 H
2.95217 14.35267 10.48219 H
2.788720924098502 14.519917478133761 11.14686622317825 M
0.0888 13.97679 11.98821 O
1.00796 14.16571 11.79929 H
1.00796 14.16571 11.79929 H
0.3313438380218834 14.026641366333493 11.938358633666507 M
3.39061 17.20344 12.00537 O
3.16358 16.29855 11.79121 H
3.16358 16.29855 11.79121 H
3.330702336974946 16.964661665882304 11.948858415128196 M
14.57987 2.73013 11.38513 O
15.49772 2.87516 11.61482 H
15.49772 2.87516 11.61482 H
14.822068161069222 2.76839986904164 11.445739571951833 M
17.2212 3.33321 11.98821 O
17.57628 3.73917 11.19742 H
17.57628 3.73917 11.19742 H
17.314896925458907 3.44033291275008 11.779539864583615 M
13.91939 0.10656 12.00537 O
13.2776 0.09399 12.71543 H
13.2776 0.09399 12.71543 H
13.750037319504695 0.10324308450766452 12.192737463364178 M
14.57987 14.57987 5.92487 O
15.49674 14.35765 5.763 H
15.49674 14.35765 5.763 H
14.821809563043566 14.521231578304949 5.88215646692567 M
17.2212 13.97679 5.32179 O
17.59612 14.76152 4.92196 H
17.59612 14.76152 4.92196 H
17.32013221610075 14.183861049665904 5.216284644287948 M
13.91939 17.20344 5.30462 O
13.25793 17.16582 4.61376 H
13.25793 17.16582 4.61376 H
13.744846887704039 17.193513002321268 5.122318946934376 M
5.92487 2.73013 2.73013 O
5.36421 3.27049 3.28682 H
5.36421 3.27049 3.28682 H
5.776925541771456 2.872717784839968 2.877026872349104 M
5.32179 3.33321 0.0888 O
5.52632 3.11586 0.99828 H
5.52632 3.11586 0.99828 H
5.375760463456434 3.2758566521671346 0.328789522829695 M
5.26439 0.10656 3.35037 O
6.06911 -0.33586 3.62042 H
6.06911 -0.33586 3.62042 H
5.476735921638202 -0.010183814806607822 3.421629588600254 M
2.73013 5.92487 2.73013 O
1.82683 5.70085 2.95395 H
1.82683 5.70085 2.95395 H
2.4917712279851525 5.86575660233946 2.7891906225532637 M
3.33321 5.32179 0.0888 O
4.00976 4.64524 0.11699 H
4.00976 4.64524 0.11699 H
3.511734994139981 5.143265005860019 0.09623865137063939 M
0.0888 5.32179 3.33321 O
0.0759 4.62362 3.98791 H
0.0759 4.62362 3.98791 H
0.0853960055806581 5.137560016763416 3.5059693136700103 M
14.57987 11.38513 2.73013 O
14.35371 10.46771 2.8832 H
14.35371 10.46771 2.8832 H
14.5201919086916 11.143045305411423 2.7705214283541597 M
13.97679 11.98821 0.0888 O
13.32356 12.68772 0.07469 H
13.32356 12.68772 0.07469 H
13.804418583368472 12.172793576455337 0.08507671618163457 M
17.2212 11.98821 3.33321 O
16.31037 11.78038 3.12483 H
16.31037 11.78038 3.12483 H
16.980854245196188 11.933368747273501 3.278223615728491 M
11.38513 14.57987 2.73013 O
10.48234 14.35492 2.95508 H
10.48234 14.35492 2.95508 H
11.146905804508707 14.520511198090624 2.7894888019093766 M
11.98821 13.97679 0.0888 O
12.35783 14.78216 -0.27312 H
12.35783 14.78216 -0.27312 H
12.085743675757918 14.189307440736851 -0.006701834127768855 M
12.04561 17.20344 3.35037 O
11.23956 17.57461 3.70919 H
11.23956 17.57461 3.70919 H
11.832913123898408 17.30138268283931 3.445053819964981 M
0.0 0.0 0.0 O
-0.53524 -0.53524 -0.58588 H
-0.53524 -0.53524 -0.58588 H
-0.14123674209368647 -0.14123674209368647 -0.15459939925612626 M
4.32748 4.31665 4.31671 O
4.86142 4.85453 4.90137 H
4.86142 4.85453 4.90137 H
4.468373703896389 4.458583373509738 4.470987471101739 M
8.655 8.655 0.0 O
9.24088 9.19024 -0.53524 H
9.24088 9.19024 -0.53524 H
8.809599399256125 8.796236742093686 -0.14123674209368647 M
0.0 8.655 8.655 O
0.53524 9.24088 8.11976 H
0.53524 9.24088 8.11976 H
0.14123674209368647 8.809599399256125 8.513763257906312 M
8.655 0.0 8.655 O
8.11976 -0.53524 8.06912 H
8.11976 -0.53524 8.06912 H
8.513763257906312 -0.14123674209368647 8.500400600743873 M
12.98252 12.99335 4.31671 O
13.56838 13.52462 4.85592 H
13.56838 13.52462 4.85592 H
13.137114121745398 13.133539156214246 4.4589943279731274 M
4.32748 12.99335 12.99329 O
4.86407 13.52592 13.58037 H
4.86407 13.52592 13.58037 H
4.469072974067804 13.133882194411544 13.148206049899787 M
12.98252 4.31665 12.9933 O
12.44593 3.72957 13.52588 H
12.44593 3.72957 13.52588 H
12.840927025932196 4.1617339501002135 13.133834833166908 M
-5.92487 5.92487 5.92487 O
-5.75998 6.83792 5.68955 H
-5.75998 6.83792 5.68955 H
-5.881359562805793 6.165801558494583 5.862774808778331 M
-5.32179 5.32179 8.5662 O
-5.53914 5.52632 7.65672 H
-5.53914 5.52632 7.65672 H
-5.379143347832866 5.375760463456434 8.326210477170305 M
-7.66071 4.2387 9.64929 O
-8.03033 4.60062 10.45466 H
-8.03033 4.60062 10.45466 H
-7.758243675757919 4.334201834127769 9.861807440736852 M
-9.64929 4.2387 7.66071 O
-8.95131 4.25234 8.31559 H
-8.95131 4.25234 8.31559 H
-9.46511015311533 4.242299262316266 7.83351681126656 M
-8.5662 5.32179 5.32179 O
-8.58169 4.66966 4.62128 H
-8.58169 4.66966 4.62128 H
-8.570287432058574 5.149708846458494 5.13694254800828 M
-4.2387 7.66071 9.64929 O
-4.60062 6.85534 9.27967 H
-4.60062 6.85534 9.27967 H
-4.334201834127769 7.448192559263148 9.551756324242081 M
-4.20371 9.63809 7.64989 O
-4.22695 8.98285 8.34728 H
-4.22695 8.98285 8.34728 H
-4.209842467465544 9.465188193540342 7.833914160318205 M
-5.26439 8.54844 5.30462 O
-4.8662 8.92706 6.08841 H
-4.8662 8.92706 6.08841 H
-5.159317400167616 8.648348555585365 5.511443006661704 M
-7.59104 9.68721 4.25266 O
-6.78722 9.29891 4.59812 H
-6.78722 9.29891 4.59812 H
-7.378931566344542 9.584747129222446 4.343818442798902 M
-9.65672 7.66856 4.2634 O
-9.00013 8.36495 4.27642 H
-9.00013 8.36495 4.27642 H
-9.483461961566226 7.852320284781822 4.266835659483708 M
-11.38513 11.38513 5.92487 O
-11.60951 11.60961 6.82792 H
-11.60951 11.60961 6.82792 H
-11.444338392853638 11.444364780407277 6.163162803130752 M
-11.98821 11.98821 8.5662 O
-11.1903 12.26079 9.01927 H
-11.1903 12.26079 9.01927 H
-11.777661070764568 12.060137193707304 8.68575408926909 M
-9.64929 13.0713 9.64929 O
-8.97274 13.09949 8.97274 H
-8.97274 13.09949 8.97274 H
-9.47076500586002 13.078738651370639 9.47076500586002 M
-7.66071 13.0713 7.66071 O
-8.03033 12.70938 6.85534 H
-8.03033 12.70938 6.85534 H
-7.758243675757919 12.97579816587223 7.448192559263148 M
-8.7438 11.98821 5.32179 O
-9.65123 11.75854 5.52191 H
-9.65123 11.75854 5.52191 H
-8.98324857798011 11.927605705558896 5.374596772340984 M
-13.0713 9.64929 9.64929 O
-12.71605 9.23914 10.43784 H
-12.71605 9.23914 10.43784 H
-12.977558215699906 9.541061448752476 9.857369054214889 M
-13.10629 7.6719 7.64989 O
-14.01431 7.44697 7.44707 H
-14.01431 7.44697 7.44707 H
-13.345894264546576 7.61254647560135 7.596370763710781 M
-12.04561 8.76156 5.30462 O
-11.82119 9.66486 5.52804 H
-11.82119 9.66486 5.52804 H
-11.986391052124906 8.999918772014846 5.36357507233871 M
-5.92487 11.38513 11.38513 O
-5.68711 10.48536 11.60901 H
-5.68711 10.48536 11.60901 H
-5.862130952469556 11.147702708628584 11.444206455085446 M
-5.32179 11.98821 8.7438 O
-6.12716 12.35783 8.38188 H
-6.12716 12.35783 8.38188 H
-5.5343074407368515 12.085743675757918 8.64829816587223 M
-8.5662 11.98821 11.98821 O
-8.92812 12.35783 11.18284 H
-8.92812 12.35783 11.18284 H
-8.661701834127769 12.085743675757918 11.775692559263149 M
-5.26439 8.76156 12.00537 O
-4.56555 8.73596 12.65898 H
-4.56555 8.73596 12.65898 H
-5.079983220154039 8.754804786268592 12.177841689335352 M
-7.59104 7.62279 13.05734 O
-7.87445 6.83584 12.59191 H
-7.87445 6.83584 12.59191 H
-7.6658249657663315 7.415133146643325 12.934524409101217 M
-9.65672 9.64144 13.0466 O
-8.95375 8.99183 13.03861 H
-8.95375 8.99183 13.03861 H
-9.471223414188778 9.47002381281018 13.044491634464299 M
-11.38513 5.92487 11.38513 O
-11.62289 6.82464 11.60901 H
-11.62289 6.82464 11.60901 H
-11.447869047530443 6.162297291371416 11.444206455085446 M
-11.98821 5.32179 8.7438 O
-11.77086 5.52632 9.65328 H
-11.77086 5.52632 9.65328 H
-11.930856652167135 5.375760463456434 8.983789522829696 M
-8.7438 5.32179 11.98821 O
-9.66128 5.51484 11.79534 H
-9.66128 5.51484 11.79534 H
-8.985900527120759 5.3727311722987565 11.937316325297793 M
-12.04561 8.54844 12.00537 O
-11.25391 8.92365 12.39094 H
-11.25391 8.92365 12.39094 H
-11.836699737845505 8.647448740006299 12.10711249056323 M
-15.71263 15.71263 15.71263 O
-14.79521 15.93879 15.8657 H
-14.79521 15.93879 15.8657 H
-15.470545305411424 15.7723080913084 15.75302142835416 M
-16.31571 16.31571 13.0713 O
-16.71554 15.53098 12.69638 H
-16.71554 15.53098 12.69638 H
-16.42121535571205 16.108638950334097 12.972367783899251 M
-13.0713 16.31571 16.31571 O
-12.71622 16.72167 15.52492 H
-12.71622 16.72167 15.52492 H
-12.977603074541092 16.42283291275008 16.107039864583612 M
-16.37311 13.08906 16.33288 O
-17.03457 13.12668 17.02374 H
-17.03457 13.12668 17.02374 H
-16.54765311229596 13.098986997678733 16.515181053065625 M
-10.25237 10.25237 15.71263 O
-10.10154 10.02603 14.79489 H
-10.10154 10.02603 14.79489 H
-10.212569652847339 10.192644411095053 15.470460865239781 M
-13.97679 8.5662 13.97679 O
-13.70421 9.01927 14.7747 H
-13.70421 9.01927 14.7747 H
-13.904862806292696 8.68575408926909 14.187338929235432 M
-12.8937 9.64929 16.31571 O
-13.26862 10.43402 16.71554 H
-13.26862 10.43402 16.71554 H
-12.99263221610075 9.856361049665905 16.42121535571205 M
-8.53121 13.9656 13.98761 O
-8.89891 13.5635 14.7746 H
-8.89891 13.5635 14.7746 H
-8.628237034728063 13.85949564682036 14.195277408378129 M
-9.59189 12.87594 16.33288 O
-10.39794 13.24711 16.6917 H
-10.39794 13.24711 16.6917 H
-9.804586876101592 12.973882682839312 16.42756381996498 M
-15.71263 10.25237 10.25237 O
-14.79478 10.10734 10.02268 H
-14.79478 10.10734 10.02268 H
-15.470431838930779 10.21410013095836 10.191760428048168 M
-16.31571 9.64929 12.8937 O
-16.11118 9.86664 11.98422 H
-16.11118 9.86664 11.98422 H
-16.261739536543566 9.706643347832866 12.653710477170307 M
-16.37311 12.87594 9.63213 O
-15.57951 13.33442 9.35602 H
-15.57951 13.33442 9.35602 H
-16.16369837432638 12.996921655920922 9.559271325649265 M
-14.04646 14.01471 8.58016 O
-13.35308 13.35482 8.5826 H
-13.35308 13.35482 8.5826 H
-13.86349398058269 13.840581172296162 8.580803856308775 M
-10.25237 15.71263 10.25237 O
-11.15567 15.93656 10.02844 H
-11.15567 15.93656 10.02844 H
-10.490728772014847 15.771719648862266 10.193280351137735 M
-9.64929 16.31571 12.8937 O
-9.27152 15.5136 13.25446 H
-9.27152 15.5136 13.25446 H
-9.54960573862056 16.104052793511755 12.988895738505565 M
-12.8937 16.31571 9.64929 O
-12.9066 17.01388 8.99459 H
-12.9066 17.01388 8.99459 H
-12.897103994419343 16.499939983236583 9.47653068632999 M
-7.05763 7.05763 15.71263 O
-7.26711 7.27823 14.80506 H
-7.26711 7.27823 14.80506 H
-7.11290664736153 7.11584094332611 15.473144479444798 M
-3.33321 8.7438 13.97679 O
-3.60579 8.29073 14.7747 H
-3.60579 8.29073 14.7747 H
-3.4051371937073034 8.624245910730913 14.187338929235432 M
-4.4163 7.66071 16.31571 O
-4.05438 6.85534 16.68533 H
-4.05438 6.85534 16.68533 H
-4.3207981658722305 7.448192559263148 16.41324367575792 M
-8.77879 3.34441 13.98761 O
-8.33196 3.61954 14.78816 H
-8.33196 3.61954 14.78816 H
-8.660882494077944 3.4170100763250804 14.198855560651484 M
-7.71811 4.43406 16.33288 O
-6.91206 4.06289 16.6917 H
-6.91206 4.06289 16.6917 H
-7.505413123898409 4.336117317160688 16.42756381996498 M
-1.59737 1.59737 15.71263 O
-1.43248 2.51042 15.94795 H
-1.43248 2.51042 15.94795 H
-1.5538595628057918 1.8383015584945825 15.77472519122167 M
-0.99429 0.99429 13.0713 O
-0.62467 1.79966 12.70938 H
-0.62467 1.79966 12.70938 H
-0.8967563242420813 1.2068074407368512 12.97579816587223 M
-4.2387 0.99429 16.31571 O
-4.59378 0.58833 15.52492 H
-4.59378 0.58833 15.52492 H
-4.332396925458909 0.8871670872499198 16.107039864583612 M
-0.93689 4.22094 16.33288 O
-1.74161 4.66336 16.60293 H
-1.74161 4.66336 16.60293 H
-1.1492359216382022 4.337683814806607 16.404139588600252 M
-7.05763 1.59737 10.25237 O
-7.59067 1.03519 9.69019 H
-7.59067 1.03519 9.69019 H
-7.198286215913644 1.449024450956153 10.104024450956153 M
-7.66071 0.99429 12.8937 O
-8.33726 0.31774 12.86551 H
-8.33726 0.31774 12.86551 H
-7.839234994139982 0.8157650058600187 12.886261348629361 M
-4.4163 0.99429 9.64929 O
-3.95982 1.79483 9.39044 H
-3.95982 1.79483 9.39044 H
-4.295846095151846 1.2055329218961208 9.580985817407237 M
-3.32578 3.34106 8.5909 O
-4.00494 4.01486 8.55977 H
-4.00494 4.01486 8.55977 H
-3.5049937092899413 3.518859336414928 8.582685554552395 M
-1.59737 7.05763 10.25237 O
-1.3601 6.1576 10.02904 H
-1.3601 6.1576 10.02904 H
-1.5347602514823835 6.820134100989126 10.193438676459564 M
-0.99429 7.66071 12.8937 O
-1.18321 7.47179 11.97454 H
-1.18321 7.47179 11.97454 H
-1.044141366333494 7.610858633666506 12.651156161978118 M
-0.93689 4.43406 9.63213 O
-1.73034 4.05962 9.24942 H
-1.73034 4.05962 9.24942 H
-1.1462620443431648 4.335254444156715 9.531142193470828 M
-7.05763 15.71263 7.05763 O
-6.14021 15.93879 7.2107 H
-6.14021 15.93879 7.2107 H
-6.8155453054114234 15.7723080913084 7.09802142835416 M
-7.66071 16.31571 4.4163 O
-8.35869 16.97059 4.40266 H
-8.35869 16.97059 4.40266 H
-7.844889846884671 16.48851681126656 4.412700737683734 M
-4.4163 16.31571 7.66071 O
-4.03818 15.5301 8.05577 H
-4.03818 15.5301 8.05577 H
-4.316523382182824 16.108406739862076 7.764956669403505 M
-8.7438 13.97679 3.33321 O
-8.7309 13.27862 3.98791 H
-8.7309 13.27862 3.98791 H
-8.740396005580658 13.792560016763415 3.5059693136700103 M
-3.32578 13.96894 8.7191 O
-2.53558 13.56369 8.36192 H
-2.53558 13.56369 8.36192 H
-3.1172655511500804 13.862004438880753 8.624848935914686 M
-1.59737 10.25237 7.05763 O
-2.51469 10.10393 7.28723 H
-2.51469 10.10393 7.28723 H
-1.8394283070349382 10.213200315379295 7.118215823153558 M
-0.99429 9.64929 4.4163 O
-1.19882 9.86664 5.32578 H
-1.19882 9.86664 5.32578 H
-1.0482604634564339 9.706643347832866 4.656289522829694 M
-3.33321 8.5662 3.33321 O
-3.11586 7.65672 3.12868 H
-3.11586 7.65672 3.12868 H
-3.2758566521671346 8.326210477170305 3.279239536543566 M
-0.93689 12.87594 7.67788 O
-0.54043 13.26009 6.89591 H
-0.54043 13.26009 6.89591 H
-0.8322739048455592 12.977307787301566 7.471537246814513 M
-7.05763 10.25237 1.59737 O
-7.59067 9.69019 1.03519 H
-7.59067 9.69019 1.03519 H
-7.198286215913644 10.104024450956153 1.449024450956153 M
-4.4163 9.64929 0.99429 O
-4.40266 8.95131 0.33941 H
-4.40266 8.95131 0.33941 H
-4.412700737683734 9.46511015311533 0.8214831887334403 M
-7.71811 12.87594 0.97713 O
-8.37957 12.83832 0.28627 H
-8.37957 12.83832 0.28627 H
-7.89265311229596 12.866013002321267 0.7948289469343768 M
-1.59737 15.71263 1.59737 O
-1.37344 15.93656 2.50067 H
-1.37344 15.93656 2.50067 H
-1.5382803511377339 15.771719648862266 1.8357287720148474 M
-0.99429 16.31571 4.2387 O
-1.78375 16.71722 4.6017 H
-1.78375 16.71722 4.6017 H
-1.2026091809529962 16.421658666613176 4.334486819707062 M
-4.2387 16.31571 0.99429 O
-3.32922 16.09836 1.19882 H
-3.32922 16.09836 1.19882 H
-3.998710477170305 16.258356652167134 1.0482604634564339 M
-0.93689 13.08906 0.97713 O
-1.16392 13.99395 1.19129 H
-1.16392 13.99395 1.19129 H
-0.9967976630250536 13.327838334117697 1.0336415848718032 M
-15.71263 7.05763 7.05763 O
-15.93656 7.28156 6.15433 H
-15.93656 7.28156 6.15433 H
-15.771719648862266 7.116719648862266 6.819271227985153 M
-16.31571 7.66071 4.4163 O
-16.71554 6.87598 4.04138 H
-16.71554 6.87598 4.04138 H
-16.42121535571205 7.453638950334096 4.31736778389925 M
-13.97679 8.7438 3.33321 O
-14.76322 8.36955 3.73032 H
-14.76322 8.36955 3.73032 H
-14.184309638077755 8.645044580508628 3.43799761425309 M
-16.37311 4.43406 7.67788 O
-16.13596 5.33719 7.4673 H
-16.13596 5.33719 7.4673 H
-16.31053191654675 4.672373913173662 7.622313089548448 M
-14.04646 3.29529 8.72984 O
-13.36439 3.96665 8.74704 H
-13.36439 3.96665 8.74704 H
-13.866478412899184 3.472445480106153 8.734378659225788 M
-10.25237 1.59737 7.05763 O
-11.16979 1.4443 7.28379 H
-11.16979 1.4443 7.28379 H
-10.494454694588578 1.55697857164584 7.1173080913084 M
-9.64929 0.99429 4.4163 O
-9.85382 1.21164 5.32578 H
-9.85382 1.21164 5.32578 H
-9.703260463456434 1.051643347832865 4.656289522829694 M
-12.8937 0.99429 7.66071 O
-13.32906 0.71297 6.856 H
-13.32906 0.71297 6.856 H
-13.008580853519744 0.9200565341047083 7.448366717117162 M
-8.5662 3.33321 3.33321 O
-8.91702 3.71009 2.52629 H
-8.91702 3.71009 2.52629 H
-8.658772815673917 3.43265941215206 3.1202835521817547 M
-15.71263 1.59737 1.59737 O
-15.9499 2.4974 1.37404 H
-15.9499 2.4974 1.37404 H
-15.775239748517617 1.8348658990108746 1.5384386764595637 M
-16.31571 0.99429 4.2387 O
-15.50775 0.62425 4.59437 H
-15.50775 0.62425 4.59437 H
-16.102509121623918 0.8966454965168004 4.332552612025374 M
-13.0713 0.99429 0.99429 O
-12.72048 0.61741 1.80121 H
-12.72048 0.61741 1.80121 H
-12.978727184326083 0.8948405878479401 1.207216447818245 M
-16.37311 4.22094 0.97713 O
-15.58103 4.59514 0.59135 H
-15.58103 4.59514 0.59135 H
-16.164099465141682 4.319682225714553 0.8753320955741306 M
-10.25237 7.05763 1.59737 O
-10.00587 6.14631 1.43937 H
-10.00587 6.14631 1.43937 H
-10.187324680281568 6.8171549461833605 1.5556776652514712 M
-12.8937 7.66071 0.99429 O
-11.98422 7.45618 1.21164 H
-11.98422 7.45618 1.21164 H
-12.653710477170307 7.606739536543566 1.051643347832865 M
-9.59189 4.43406 0.97713 O
-10.38397 4.05986 0.59135 H
-10.38397 4.05986 0.59135 H
-9.80090053485832 4.335317774285446 0.8753320955741306 M
-11.38513 2.73013 14.57987 O
-11.53976 2.95616 15.49706 H
-11.53976 2.95616 15.49706 H
-11.425933074190917 2.78977378748867 14.82189400321521 M
-11.98821 3.33321 17.2212 O
-12.68619 3.98809 17.23484 H
-12.68619 3.98809 17.23484 H
-12.172389846884672 3.5060168112665595 17.224799262316264 M
-12.04561 0.10656 13.95962 O
-11.23956 -0.26461 13.6008 H
-11.23956 -0.26461 13.6008 H
-11.832913123898408 0.008617317160687518 13.864936180035018 M
-2.73013 11.38513 14.57987 O
-2.95629 10.46771 14.4268 H
-2.95629 10.46771 14.4268 H
-2.7898080913084002 11.143045305411423 14.53947857164584 M
-3.33321 11.98821 17.2212 O
-3.73304 11.20348 17.59612 H
-3.73304 11.20348 17.59612 H
-3.438715355712052 11.781138950334096 17.32013221610075 M
-0.0888 11.98821 13.97679 O
0.26202 12.36509 14.78371 H
0.26202 12.36509 14.78371 H
0.0037728156739165325 12.08765941215206 14.189716447818244 M
-14.57987 5.92487 14.57987 O
-14.35436 6.8274 14.35447 H
-14.35436 6.8274 14.35447 H
-14.52036342779025 6.163025587851833 14.520392454099252 M
-13.97679 5.32179 17.2212 O
-13.60717 6.12716 17.58312 H
-13.60717 6.12716 17.58312 H
-13.87925632424208 5.5343074407368515 17.31670183412777 M
-17.2212 5.32179 13.97679 O
-17.58312 6.12716 13.60717 H
-17.58312 6.12716 13.60717 H
-17.31670183412777 5.5343074407368515 13.87925632424208 M
-5.92487 14.57987 14.57987 O
-6.84219 14.43143 14.35027 H
-6.84219 14.43143 14.35027 H
-6.166928307034939 14.540700315379294 14.519284176846442 M
-5.32179 13.97679 17.2212 O
-5.53296 14.18359 16.31078 H
-5.53296 14.18359 16.31078 H
-5.3775125970180175 14.031359460924023 16.980962434166102 M
-5.26439 17.20344 13.95962 O
-6.05647 17.57764 13.57385 H
-6.05647 17.57764 13.57385 H
-5.473400534858319 17.302182225714553 13.857824734329494 M
-2.73013 2.73013 5.92487 O
-1.81228 2.87516 5.69518 H
-1.81228 2.87516 5.69518 H
-2.4879318389307783 2.76839986904164 5.864260428048167 M
-0.0888 3.33321 5.32179 O
0.35044 3.60538 6.12754 H
0.35044 3.60538 6.12754 H
0.027104690600909573 3.4050290047373863 5.534407713440677 M
-3.39061 0.10656 5.30462 O
-3.78707 -0.27759 6.08659 H
-3.78707 -0.27759 6.08659 H
-3.495226095154441 0.005192212698434978 5.510962753185487 M
-2.73013 14.57987 11.38513 O
-2.95217 14.35267 10.48219 H
-2.95217 14.35267 10.48219 H
-2.788720924098502 14.519917478133761 11.14686622317825 M
-0.0888 13.97679 11.98821 O
-1.00796 14.16571 11.79929 H
-1.00796 14.16571 11.79929 H
-0.3313438380218834 14.026641366333493 11.938358633666507 M
-3.39061 17.20344 12.00537 O
-3.16358 16.29855 11.79121 H
-3.16358 16.29855 11.79121 H
-3.330702336974946 16.964661665882304 11.948858415128196 M
-14.57987 2.73013 11.38513 O
-15.49772 2.87516 11.61482 H
-15.49772 2.87516 11.61482 H
-14.822068161069222 2.76839986904164 11.445739571951833 M
-17.2212 3.33321 11.98821 O
-17.57628 3.73917 11.19742 H
-17.57628 3.73917 11.19742 H
-17.314896925458907 3.44033291275008 11.779539864583615 M
-13.91939 0.10656 12.00537 O
-13.2776 0.09399 12.71543 H
-13.2776 0.09399 12.71543 H
-13.750037319504695 0.10324308450766452 12.192737463364178 M
-14.57987 14.57987 5.92487 O
-15.49674 14.35765 5.763 H
-15.49674 14.35765 5.763 H
-14.821809563043566 14.521231578304949 5.88215646692567 M
-17.2212 13.97679 5.32179 O
-17.59612 14.76152 4.92196 H
-17.59612 14.76152 4.92196 H
-17.32013221610075 14.183861049665904 5.216284644287948 M
-13.91939 17.20344 5.30462 O
-13.25793 17.16582 4.61376 H
-13.25793 17.16582 4.61376 H
-13.744846887704039 17.193513002321268 5.122318946934376 M
-5.92487 2.73013 2.73013 O
-5.36421 3.27049 3.28682 H
-5.36421 3.27049 3.28682 H
-5.776925541771456 2.872717784839968 2.877026872349104 M
-5.32179 3.33321 0.0888 O
-5.52632 3.11586 0.99828 H
-5.52632 3.11586 0.99828 H
-5.375760463456434 3.2758566521671346 0.328789522829695 M
-5.26439 0.10656 3.35037 O
-6.06911 -0.33586 3.62042 H
-6.06911 -0.33586 3.62042 H
-5.476735921638202 -0.010183814806607822 3.421629588600254 M
-2.73013 5.92487 2.73013 O
-1.82683 5.70085 2.95395 H
-1.82683 5.70085 2.95395 H
-2.4917712279851525 5.86575660233946 2.7891906225532637 M
-3.33321 5.32179 0.0888 O
-4.00976 4.64524 0.11699 H
-4.00976 4.64524 0.11699 H
-3.511734994139981 5.143265005860019 0.09623865137063939 M
-0.0888 5.32179 3.33321 O
-0.0759 4.62362 3.98791 H
-0.0759 4.62362 3.98791 H
-0.0853960055806581 5.137560016763416 3.5059693136700103 M
-14.57987 11.38513 2.73013 O
-14.35371 10.46771 2.8832 H
-14.35371 10.46771 2.8832 H
-14.5201919086916 11.143045305411423 2.7705214283541597 M
-13.97679 11.98821 0.0888 O
-13.32356 12.68772 0.07469 H
-13.32356 12.68772 0.07469 H
-13.804418583368472 12.172793576455337 0.08507671618163457 M
-17.2212 11.98821 3.33321 O
-16.31037 11.78038 3.12483 H
-16.31037 11.78038 3.12483 H
-16.980854245196188 11.933368747273501 3.278223615728491 M
-11.38513 14.57987 2.73013 O
-10.48234 14.35492 2.95508 H
-10.48234 14.35492 2.95508 H
-11.146905804508707 14.520511198090624 2.7894888019093766 M
-11.98821 13.97679 0.0888 O
-12.35783 14.78216 -0.27312 H
-12.35783 14.78216 -0.27312 H
-12.085743675757918 14.189307440736851 -0.006701834127768855 M
-12.04561 17.20344 3.35037 O
-11.23956 17.57461 3.70919 H
-11.23956 17.57461 3.70919 H
-11.832913123898408 17.30138268283931 3.445053819964981 M
0.0 0.0 0.0 O
0.53524 -0.53524 -0.58588 H
0.53524 -0.53524 -0.58588 H
0.14123674209368647 -0.14123674209368647 -0.15459939925612626 M
-4.32748 4.31665 4.31671 O
-4.86142 4.85453 4.90137 H
-4.86142 4.85453 4.90137 H
-4.468373703896389 4.458583373509738 4.470987471101739 M
-8.655 8.655 0.0 O
-9.24088 9.19024 -0.53524 H
-9.24088 9.19024 -0.53524 H
-8.809599399256125 8.796236742093686 -0.14123674209368647 M
0.0 8.655 8.655 O
-0.53524 9.24088 8.11976 H
-0.53524 9.24088 8.11976 H
-0.14123674209368647 8.809599399256125 8.513763257906312 M
-8.655 0.0 8.655 O
-8.11976 -0.53524 8.06912 H
-8.11976 -0.53524 8.06912 H
-8.513763257906312 -0.14123674209368647 8.500400600743873 M
-12.98252 12.99335 4.31671 O
-13.56838 13.52462 4.85592 H
-13.56838 13.52462 4.85592 H
-13.137114121745398 13.133539156214246 4.4589943279731274 M
-4.32748 12.99335 12.99329 O
-4.86407 13.52592 13.58037 H
-4.86407 13.52592 13.58037 H
-4.469072974067804 13.133882194411544 13.148206049899787 M
-12.98252 4.31665 12.9933 O
-12.44593 3.72957 13.52588 H
-12.44593 3.72957 13.52588 H
-12.840927025932196 4.1617339501002135 13.133834833166908 M
5.92487 -5.92487 5.92487 O
5.75998 -6.83792 5.68955 H
5.75998 -6.83792 5.68955 H
5.881359562805793 -6.165801558494583 5.862774808778331 M
5.32179 -5.32179 8.5662 O
5.53914 -5.52632 7.65672 H
5.53914 -5.52632 7.65672 H
5.379143347832866 -5.375760463456434 8.326210477170305 M
7.66071 -4.2387 9.64929 O
8.03033 -4.60062 10.45466 H
8.03033 -4.60062 10.45466 H
7.758243675757919 -4.334201834127769 9.861807440736852 M
9.64929 -4.2387 7.66071 O
8.95131 -4.25234 8.31559 H
8.95131 -4.25234 8.31559 H
9.46511015311533 -4.242299262316266 7.83351681126656 M
8.5662 -5.32179 5.32179 O
8.58169 -4.66966 4.62128 H
8.58169 -4.66966 4.62128 H
8.570287432058574 -5.149708846458494 5.13694254800828 M
4.2387 -7.66071 9.64929 O
4.60062 -6.85534 9.27967 H
4.60062 -6.85534 9.27967 H
4.334201834127769 -7.448192559263148 9.551756324242081 M
4.20371 -9.63809 7.64989 O
4.22695 -8.98285 8.34728 H
4.22695 -8.98285 8.34728 H
4.209842467465544 -9.465188193540342 7.833914160318205 M
5.26439 -8.54844 5.30462 O
4.8662 -8.92706 6.08841 H
4.8662 -8.92706 6.08841 H
5.159317400167616 -8.648348555585365 5.511443006661704 M
7.59104 -9.68721 4.25266 O
6.78722 -9.29891 4.59812 H
6.78722 -9.29891 4.59812 H
7.378931566344542 -9.584747129222446 4.343818442798902 M
9.65672 -7.66856 4.2634 O
9.00013 -8.36495 4.27642 H
9.00013 -8.36495 4.27642 H
9.483461961566226 -7.852320284781822 4.266835659483708 M
11.38513 -11.38513 5.92487 O
11.60951 -11.60961 6.82792 H
11.60951 -11.60961 6.82792 H
11.444338392853638 -11.444364780407277 6.163162803130752 M
11.98821 -11.98821 8.5662 O
11.1903 -12.26079 9.01927 H
11.1903 -12.26079 9.01927 H
11.777661070764568 -12.060137193707304 8.68575408926909 M
9.64929 -13.0713 9.64929 O
8.97274 -13.09949 8.97274 H
8.97274 -13.09949 8.97274 H
9.47076500586002 -13.078738651370639 9.47076500586002 M
7.66071 -13.0713 7.66071 O
8.03033 -12.70938 6.85534 H
8.03033 -12.70938 6.85534 H
7.758243675757919 -12.97579816587223 7.448192559263148 M
8.7438 -11.98821 5.32179 O
9.65123 -11.75854 5.52191 H
9.65123 -11.75854 5.52191 H
8.98324857798011 -11.927605705558896 5.374596772340984 M
13.0713 -9.64929 9.64929 O
12.71605 -9.23914 10.43784 H
12.71605 -9.23914 10.43784 H
12.977558215699906 -9.541061448752476 9.857369054214889 M
13.10629 -7.6719 7.64989 O
14.01431 -7.44697 7.44707 H
14.01431 -7.44697 7.44707 H
13.345894264546576 -7.61254647560135 7.596370763710781 M
12.04561 -8.76156 5.30462 O
11.82119 -9.66486 5.52804 H
11.82119 -9.66486 5.52804 H
11.986391052124906 -8.999918772014846 5.36357507233871 M
5.92487 -11.38513 11.38513 O
5.68711 -10.48536 11.60901 H
5.68711 -10.48536 11.60901 H
5.862130952469556 -11.147702708628584 11.444206455085446 M
5.32179 -11.98821 8.7438 O
6.12716 -12.35783 8.38188 H
6.12716 -12.35783 8.38188 H
5.5343074407368515 -12.085743675757918 8.64829816587223 M
8.5662 -11.98821 11.98821 O
8.92812 -12.35783 11.18284 H
8.92812 -12.35783 11.18284 H
8.661701834127769 -12.085743675757918 11.775692559263149 M
5.26439 -8.76156 12.00537 O
4.56555 -8.73596 12.65898 H
4.56555 -8.73596 12.65898 H
5.079983220154039 -8.754804786268592 12.177841689335352 M
7.59104 -7.62279 13.05734 O
7.87445 -6.83584 12.59191 H
7.87445 -6.83584 12.59191 H
7.6658249657663315 -7.415133146643325 12.934524409101217 M
9.65672 -9.64144 13.0466 O
8.95375 -8.99183 13.03861 H
8.95375 -8.99183 13.03861 H
9.471223414188778 -9.47002381281018 13.044491634464299 M
11.38513 -5.92487 11.38513 O
11.62289 -6.82464 11.60901 H
11.62289 -6.82464 11.60901 H
11.447869047530443 -6.162297291371416 11.444206455085446 M
11.98821 -5.32179 8.7438 O
11.77086 -5.52632 9.65328 H
11.77086 -5.52632 9.65328 H
11.930856652167135 -5.375760463456434 8.983789522829696 M
8.7438 -5.32179 11.98821 O
9.66128 -5.51484 11.79534 H
9.66128 -5.51484 11.79534 H
8.985900527120759 -5.3727311722987565 11.937316325297793 M
12.04561 -8.54844 12.00537 O
11.25391 -8.92365 12.39094 H
11.25391 -8.92365 12.39094 H
11.836699737845505 -8.647448740006299 12.10711249056323 M
15.71263 -15.71263 15.71263 O
14.79521 -15.93879 15.8657 H
14.79521 -15.93879 15.8657 H
15.470545305411424 -15.7723080913084 15.75302142835416 M
16.31571 -16.31571 13.0713 O
16.71554 -15.53098 12.69638 H
16.71554 -15.53098 12.69638 H
16.42121535571205 -16.108638950334097 12.972367783899251 M
13.0713 -16.31571 16.31571 O
12.71622 -16.72167 15.52492 H
12.71622 -16.72167 15.52492 H
12.977603074541092 -16.42283291275008 16.107039864583612 M
16.37311 -13.08906 16.33288 O
17.03457 -13.12668 17.02374 H
17.03457 -13.12668 17.02374 H
16.54765311229596 -13.098986997678733 16.515181053065625 M
10.25237 -10.25237 15.71263 O
10.10154 -10.02603 14.79489 H
10.10154 -10.02603 14.79489 H
10.212569652847339 -10.192644411095053 15.470460865239781 M
13.97679 -8.5662 13.97679 O
13.70421 -9.01927 14.7747 H
13.70421 -9.01927 14.7747 H
13.904862806292696 -8.68575408926909 14.187338929235432 M
12.8937 -9.64929 16.31571 O
13.26862 -10.43402 16.71554 H
13.26862 -10.43402 16.71554 H
12.99263221610075 -9.856361049665905 16.42121535571205 M
8.53121 -13.9656 13.98761 O
8.89891 -13.5635 14.7746 H
8.89891 -13.5635 14.7746 H
8.628237034728063 -13.85949564682036 14.195277408378129 M
9.59189 -12.87594 16.33288 O
10.39794 -13.24711 16.6917 H
10.39794 -13.24711 16.6917 H
9.804586876101592 -12.973882682839312 16.42756381996498 M
15.71263 -10.25237 10.25237 O
14.79478 -10.10734 10.02268 H
14.79478 -10.10734 10.02268 H
15.470431838930779 -10.21410013095836 10.191760428048168 M
16.31571 -9.64929 12.8937 O
16.11118 -9.86664 11.98422 H
16.11118 -9.86664 11.98422 H
16.261739536543566 -9.706643347832866 12.653710477170307 M
16.37311 -12.87594 9.63213 O
15.57951 -13.33442 9.35602 H
15.57951 -13.33442 9.35602 H
16.16369837432638 -12.996921655920922 9.559271325649265 M
14.04646 -14.01471 8.58016 O
13.35308 -13.35482 8.5826 H
13.35308 -13.35482 8.5826 H
13.86349398058269 -13.840581172296162 8.580803856308775 M
10.25237 -15.71263 10.25237 O
11.15567 -15.93656 10.02844 H
11.15567 -15.93656 10.02844 H
10.490728772014847 -15.771719648862266 10.193280351137735 M
9.64929 -16.31571 12.8937 O
9.27152 -15.5136 13.25446 H
9.27152 -15.5136 13.25446 H
9.54960573862056 -16.104052793511755 12.988895738505565 M
12.8937 -16.31571 9.64929 O
12.9066 -17.01388 8.99459 H
12.9066 -17.01388 8.99459 H
12.897103994419343 -16.499939983236583 9.47653068632999 M
7.05763 -7.05763 15.71263 O
7.26711 -7.27823 14.80506 H
7.26711 -7.27823 14.80506 H
7.11290664736153 -7.11584094332611 15.473144479444798 M
3.33321 -8.7438 13.97679 O
3.60579 -8.29073 14.7747 H
3.60579 -8.29073 14.7747 H
3.4051371937073034 -8.624245910730913 14.187338929235432 M
4.4163 -7.66071 16.31571 O
4.05438 -6.85534 16.68533 H
4.05438 -6.85534 16.68533 H
4.3207981658722305 -7.448192559263148 16.41324367575792 M
8.77879 -3.34441 13.98761 O
8.33196 -3.61954 14.78816 H
8.33196 -3.61954 14.78816 H
8.660882494077944 -3.4170100763250804 14.198855560651484 M
7.71811 -4.43406 16.33288 O
6.91206 -4.06289 16.6917 H
6.91206 -4.06289 16.6917 H
7.505413123898409 -4.336117317160688 16.42756381996498 M
1.59737 -1.59737 15.71263 O
1.43248 -2.51042 15.94795 H
1.43248 -2.51042 15.94795 H
1.5538595628057918 -1.8383015584945825 15.77472519122167 M
0.99429 -0.99429 13.0713 O
0.62467 -1.79966 12.70938 H
0.62467 -1.79966 12.70938 H
0.8967563242420813 -1.2068074407368512 12.97579816587223 M
4.2387 -0.99429 16.31571 O
4.59378 -0.58833 15.52492 H
4.59378 -0.58833 15.52492 H
4.332396925458909 -0.8871670872499198 16.107039864583612 M
0.93689 -4.22094 16.33288 O
1.74161 -4.66336 16.60293 H
1.74161 -4.66336 16.60293 H
1.1492359216382022 -4.337683814806607 16.404139588600252 M
7.05763 -1.59737 10.25237 O
7.59067 -1.03519 9.69019 H
7.59067 -1.03519 9.69019 H
7.198286215913644 -1.449024450956153 10.104024450956153 M
7.66071 -0.99429 12.8937 O
8.33726 -0.31774 12.86551 H
8.33726 -0.31774 12.86551 H
7.839234994139982 -0.8157650058600187 12.886261348629361 M
4.4163 -0.99429 9.64929 O
3.95982 -1.79483 9.39044 H
3.95982 -1.79483 9.39044 H
4.295846095151846 -1.2055329218961208 9.580985817407237 M
3.32578 -3.34106 8.5909 O
4.00494 -4.01486 8.55977 H
4.00494 -4.01486 8.55977 H
3.5049937092899413 -3.518859336414928 8.582685554552395 M
1.59737 -7.05763 10.25237 O
1.3601 -6.1576 10.02904 H
1.3601 -6.1576 10.02904 H
1.5347602514823835 -6.820134100989126 10.193438676459564 M
0.99429 -7.66071 12.8937 O
1.18321 -7.47179 11.97454 H
1.18321 -7.47179 11.97454 H
1.044141366333494 -7.610858633666506 12.651156161978118 M
0.93689 -4.43406 9.63213 O
1.73034 -4.05962 9.24942 H
1.73034 -4.05962 9.24942 H
1.1462620443431648 -4.335254444156715 9.531142193470828 M
7.05763 -15.71263 7.05763 O
6.14021 -15.93879 7.2107 H
6.14021 -15.93879 7.2107 H
6.8155453054114234 -15.7723080913084 7.09802142835416 M
7.66071 -16.31571 4.4163 O
8.35869 -16.97059 4.40266 H
8.35869 -16.97059 4.40266 H
7.844889846884671 -16.48851681126656 4.412700737683734 M
4.4163 -16.31571 7.66071 O
4.03818 -15.5301 8.05577 H
4.03818 -15.5301 8.05577 H
4.316523382182824 -16.108406739862076 7.764956669403505 M
8.7438 -13.97679 3.33321 O
8.7309 -13.27862 3.98791 H
8.7309 -13.27862 3.98791 H
8.740396005580658 -13.792560016763415 3.5059693136700103 M
3.32578 -13.96894 8.7191 O
2.53558 -13.56369 8.36192 H
2.53558 -13.56369 8.36192 H
3.1172655511500804 -13.862004438880753 8.624848935914686 M
1.59737 -10.25237 7.05763 O
2.51469 -10.10393 7.28723 H
2.51469 -10.10393 7.28723 H
1.8394283070349382 -10.213200315379295 7.118215823153558 M
0.99429 -9.64929 4.4163 O
1.19882 -9.86664 5.32578 H
1.19882 -9.86664 5.32578 H
1.0482604634564339 -9.706643347832866 4.656289522829694 M
3.33321 -8.5662 3.33321 O
3.11586 -7.65672 3.12868 H
3.11586 -7.65672 3.12868 H
3.2758566521671346 -8.326210477170305 3.279239536543566 M
0.93689 -12.87594 7.67788 O
0.54043 -13.26009 6.89591 H
0.54043 -13.26009 6.89591 H
0.8322739048455592 -12.977307787301566 7.471537246814513 M
7.05763 -10.25237 1.59737 O
7.59067 -9.69019 1.03519 H
7.59067 -9.69019 1.035110.187324680281568 -6.8171549461833605 1.5556776652514712
12.8937 -7.66071 0.99429
11.98422 -7.45618 1.21164
11.98422 -7.45618 1.21164
12.653710477170307 -7.606739536543566 1.051643347832865
9.59189 -4.43406 0.97713
10.38397 -4.05986 0.59135
10.38397 -4.05986 0.59135
9.80090053485832 -4.335317774285446 0.8753320955741306
11.38513 -2.73013 14.57987
11.53976 -2.95616 15.49706
11.53976 -2.95616 15.49706
11.425933074190917 -2.78977378748867 14.82189400321521
11.98821 -3.33321 17.2212
12.68619 -3.98809 17.23484
12.68619 -3.98809 17.23484
12.172389846884672 -3.5060168112665595 17.224799262316264
12.04561 -0.10656 13.95962
11.23956 0.26461 13.6008
11.23956 0.26461 13.6008
11.832913123898408 -0.008617317160687518 13.864936180035018
2.73013 -11.38513 14.57987
2.95629 -10.46771 14.4268
2.95629 -10.46771 14.4268
2.7898080913084002 -11.143045305411423 14.53947857164584
3.33321 -11.98821 17.2212
3.73304 -11.20348 17.59612
3.73304 -11.20348 17.59612
3.438715355712052 -11.781138950334096 17.32013221610075
0.0888 -11.98821 13.97679
-0.26202 -12.36509 14.78371
-0.26202 -12.36509 14.78371
-0.0037728156739165325 -12.08765941215206 14.189716447818244
14.57987 -5.92487 14.57987
14.35436 -6.8274 14.35447
14.35436 -6.8274 14.35447
14.52036342779025 -6.163025587851833 14.520392454099252
13.97679 -5.32179 17.2212
13.60717 -6.12716 17.58312
13.60717 -6.12716 17.58312
13.87925632424208 -5.5343074407368515 17.31670183412777
17.2212 -5.32179 13.97679
17.58312 -6.12716 13.60717
17.58312 -6.12716 13.60717
17.31670183412777 -5.5343074407368515 13.87925632424208
5.92487 -14.57987 14.57987
6.84219 -14.43143 14.35027
6.84219 -14.43143 14.35027
6.166928307034939 -14.540700315379294 14.519284176846442
5.32179 -13.97679 17.2212
5.53296 -14.18359 16.31078
5.53296 -14.18359 16.31078
5.3775125970180175 -14.031359460924023 16.980962434166102
5.26439 -17.20344 13.95962
6.05647 -17.57764 13.57385
6.05647 -17.57764 13.57385
5.473400534858319 -17.302182225714553 13.857824734329494
2.73013 -2.73013 5.92487
1.81228 -2.87516 5.69518
1.81228 -2.87516 5.69518
2.4879318389307783 -2.76839986904164 5.864260428048167
0.0888 -3.33321 5.32179
-0.35044 -3.60538 6.12754
-0.35044 -3.60538 6.12754
-0.027104690600909573 -3.4050290047373863 5.534407713440677
3.39061 -0.10656 5.30462
3.78707 0.27759 6.08659
3.78707 0.27759 6.08659
3.495226095154441 -0.005192212698434978 5.510962753185487
2.73013 -14.57987 11.38513
2.95217 -14.35267 10.48219
2.95217 -14.35267 10.48219
2.788720924098502 -14.519917478133761 11.14686622317825
0.0888 -13.97679 11.98821
1.00796 -14.16571 11.79929
1.00796 -14.16571 11.79929
0.3313438380218834 -14.026641366333493 11.938358633666507
3.39061 -17.20344 12.00537
3.16358 -16.29855 11.79121
3.16358 -16.29855 11.79121
3.330702336974946 -16.964661665882304 11.948858415128196
14.57987 -2.73013 11.38513
15.49772 -2.87516 11.61482
15.49772 -2.87516 11.61482
14.822068161069222 -2.76839986904164 11.445739571951833
17.2212 -3.33321 11.98821
17.57628 -3.73917 11.19742
17.57628 -3.73917 11.19742
17.314896925458907 -3.44033291275008 11.779539864583615
13.91939 -0.10656 12.00537
13.2776 -0.09399 12.71543
13.2776 -0.09399 12.71543
13.750037319504695 -0.10324308450766452 12.192737463364178
14.57987 -14.57987 5.92487
15.49674 -14.35765 5.763
15.49674 -14.35765 5.763
14.821809563043566 -14.521231578304949 5.88215646692567
17.2212 -13.97679 5.32179
17.59612 -14.76152 4.92196
17.59612 -14.76152 4.92196
17.32013221610075 -14.183861049665904 5.216284644287948
13.91939 -17.20344 5.30462
13.25793 -17.16582 4.61376
13.25793 -17.16582 4.61376
13.744846887704039 -17.193513002321268 5.122318946934376
5.92487 -2.73013 2.73013
5.36421 -3.27049 3.28682
5.36421 -3.27049 3.28682
5.776925541771456 -2.872717784839968 2.877026872349104
5.32179 -3.33321 0.0888
5.52632 -3.11586 0.99828
5.52632 -3.11586 0.99828
5.375760463456434 -3.2758566521671346 0.328789522829695
5.26439 -0.10656 3.35037
6.06911 0.33586 3.62042
6.06911 0.33586 3.62042
5.476735921638202 0.010183814806607822 3.421629588600254
2.73013 -5.92487 2.73013
1.82683 -5.70085 2.95395
1.82683 -5.70085 2.95395
2.4917712279851525 -5.86575660233946 2.7891906225532637
3.33321 -5.32179 0.0888
4.00976 -4.64524 0.11699
4.00976 -4.64524 0.11699
3.511734994139981 -5.143265005860019 0.09623865137063939
0.0888 -5.32179 3.33321
0.0759 -4.62362 3.98791
0.0759 -4.62362 3.98791
0.0853960055806581 -5.137560016763416 3.5059693136700103
14.57987 -11.38513 2.73013
14.35371 -10.46771 2.8832
14.35371 -10.46771 2.8832
14.5201919086916 -11.143045305411423 2.7705214283541597
13.97679 -11.98821 0.0888
13.32356 -12.68772 0.07469
13.32356 -12.68772 0.07469
13.804418583368472 -12.172793576455337 0.08507671618163457
17.2212 -11.98821 3.33321
16.31037 -11.78038 3.12483
16.31037 -11.78038 3.12483
16.980854245196188 -11.933368747273501 3.278223615728491
11.38513 -14.57987 2.73013
10.48234 -14.35492 2.95508
10.48234 -14.35492 2.95508
11.146905804508707 -14.520511198090624 2.7894888019093766
11.98821 -13.97679 0.0888
12.35783 -14.78216 -0.27312
12.35783 -14.78216 -0.27312
12.085743675757918 -14.189307440736851 -0.006701834127768855
12.04561 -17.20344 3.35037
11.23956 -17.57461 3.70919
11.23956 -17.57461 3.70919
11.832913123898408 -17.30138268283931 3.445053819964981
0.0 0.0 0.0
-0.53524 0.53524 -0.58588
-0.53524 0.53524 -0.58588
-0.14123674209368647 0.14123674209368647 -0.15459939925612626
4.32748 -4.31665 4.31671
4.86142 -4.85453 4.90137
4.86142 -4.85453 4.90137
4.468373703896389 -4.458583373509738 4.470987471101739
8.655 -8.655 0.0
9.24088 -9.19024 -0.53524
9.24088 -9.19024 -0.53524
8.809599399256125 -8.796236742093686 -0.14123674209368647
0.0 -8.655 8.655
0.53524 -9.24088 8.11976
0.53524 -9.24088 8.11976
0.14123674209368647 -8.809599399256125 8.513763257906312
8.655 0.0 8.655
8.11976 0.53524 8.06912
8.11976 0.53524 8.06912
8.513763257906312 0.14123674209368647 8.500400600743873
12.98252 -12.99335 4.31671
13.56838 -13.52462 4.85592
13.56838 -13.52462 4.85592
13.137114121745398 -13.133539156214246 4.4589943279731274
4.32748 -12.99335 12.99329
4.86407 -13.52592 13.58037
4.86407 -13.52592 13.58037
4.469072974067804 -13.133882194411544 13.148206049899787
1543 H
13.750037319504695 -0.10324308450766452 12.192737463364178 M
14.57987 -14.57987 5.92487 O
15.49674 -14.35765 5.763 H
15.49674 -14.35765 5.763 H
14.821809563043566 -14.521231578304949 5.88215646692567 M
17.2212 -13.97679 5.32179 O
17.59612 -14.76152 4.92196 H
17.59612 -14.76152 4.92196 H
17.32013221610075 -14.183861049665904 5.216284644287948 M
13.91939 -17.20344 5.30462 O
13.25793 -17.16582 4.61376 H
13.25793 -17.16582 4.61376 H
13.744846887704039 -17.193513002321268 5.122318946934376 M
5.92487 -2.73013 2.73013 O
5.36421 -3.27049 3.28682 H
5.36421 -3.27049 3.28682 H
5.776925541771456 -2.872717784839968 2.877026872349104 M
5.32179 -3.33321 0.0888 O
5.52632 -3.11586 0.99828 H
5.52632 -3.11586 0.99828 H
5.375760463456434 -3.2758566521671346 0.328789522829695 M
5.26439 -0.10656 3.35037 O
6.06911 0.33586 3.62042 H
6.06911 0.33586 3.62042 H
5.476735921638202 0.010183814806607822 3.421629588600254 M
2.73013 -5.92487 2.73013 O
1.82683 -5.70085 2.95395 H
1.82683 -5.70085 2.95395 H
2.4917712279851525 -5.86575660233946 2.7891906225532637 M
3.33321 -5.32179 0.0888 O
4.00976 -4.64524 0.11699 H
4.00976 -4.64524 0.11699 H
3.511734994139981 -5.143265005860019 0.09623865137063939 M
0.0888 -5.32179 3.33321 O
0.0759 -4.62362 3.98791 H
0.0759 -4.62362 3.98791 H
0.0853960055806581 -5.137560016763416 3.5059693136700103 M
14.57987 -11.38513 2.73013 O
14.35371 -10.46771 2.8832 H
14.35371 -10.46771 2.8832 H
14.5201919086916 -11.143045305411423 2.7705214283541597 M
13.97679 -11.98821 0.0888 O
13.32356 -12.68772 0.07469 H
13.32356 -12.68772 0.07469 H
13.804418583368472 -12.172793576455337 0.08507671618163457 M
17.2212 -11.98821 3.33321 O
16.31037 -11.78038 3.12483 H
16.31037 -11.78038 3.12483 H
16.980854245196188 -11.933368747273501 3.278223615728491 M
11.38513 -14.57987 2.73013 O
10.48234 -14.35492 2.95508 H
10.48234 -14.35492 2.95508 H
11.146905804508707 -14.520511198090624 2.7894888019093766 M
