5.92487 5.92487 5.92487 O
5.75998 6.83792 5.68955 H
6.84272 5.77984 5.69518 H
6.024213861937508 6.026200844726471 5.863517618413249 M
5.32179 5.32179 8.5662 O
5.53914 5.52632 7.65672 H
6.12716 4.95217 8.92812 H
5.456725394284859 5.300008393849257 8.493956155649037 M
7.66071 4.2387 9.64929 O
8.03033 4.60062 10.45466 H
7.45618 3.32922 9.86664 H
7.682491606150743 4.166456155649037 9.78422539428486 M
9.64929 4.2387 7.66071 O
8.95131 4.25234 8.31559 H
9.24946 4.61362 6.87598 H
9.50444739870164 4.289965739208507 7.643577880800327 M
8.5662 5.32179 5.32179 O
8.58169 4.66966 4.62128 H
8.94432 6.1074 4.92673 H
8.618132024937875 5.339401053298207 5.1772429393023875 M
4.2387 7.66071 9.64929 O
4.60062 6.85534 9.27967 H
3.32922 7.44336 9.85382 H
4.166456155649037 7.525774605715142 9.627508393849258 M
4.20371 9.63809 7.64989 O
4.22695 8.98285 8.34728 H
4.58643 10.42187 8.04415 H
4.25727145637504 9.655049280723341 7.793919864646301 M
5.26439 8.54844 5.30462 O
4.8662 8.92706 6.08841 H
4.56904 8.57135 4.6472 H
5.120110772971817 8.601416972061951 5.321292975766365 M
7.59104 9.68721 4.25266 O
6.78722 9.29891 4.59812 H
7.39129 9.87671 3.33592 H
7.458631213976009 9.660980771683521 4.177286591787533 M
9.65672 7.66856 4.2634 O
9.00013 8.36495 4.27642 H
10.44563 8.07583 4.62115 H
9.674178005487107 7.814174437242282 4.3123185663123795 M
11.38513 11.38513 5.92487 O
11.60951 11.60961 6.82792 H
11.94514 11.94889 5.39121 H
11.488620665991768 11.489128626399305 5.973606492192276 M
11.98821 11.98821 8.5662 O
11.1903 12.26079 9.01927 H
12.26079 11.1903 9.01927 H
11.918899132235936 11.918899132235936 8.68575408926909 M
9.64929 13.0713 9.64929 O
8.97274 13.09949 8.97274 H
9.83821 13.99046 9.83821 H
9.584953186096758 13.196291244696262 9.584953186096758 M
7.66071 13.0713 7.66071 O
8.03033 12.70938 6.85534 H
7.45618 13.98078 7.44336 H
7.682491606150743 13.143543844350962 7.525774605715142 M
8.7438 11.98821 5.32179 O
9.65123 11.75854 5.52191 H
8.36822 11.18681 4.9572 H
8.813971102012674 11.852172925350743 5.300090195265536 M
13.0713 9.64929 9.64929 O
12.71605 9.23914 10.43784 H
13.06858 8.95167 8.99389 H
13.024070237120473 9.503133298530452 9.666857513834707 M
13.10629 7.6719 7.64989 O
14.01431 7.44697 7.44707 H
12.73716 6.86979 8.01947 H
13.177389943900742 7.5363946345565545 7.671891942223622 M
12.04561 8.76156 5.30462 O
11.82119 9.66486 5.52804 H
12.40739 8.39732 6.1125 H
12.06373297183879 8.832682373321333 5.440687420335942 M
5.92487 11.38513 11.38513 O
5.68711 10.48536 11.60901 H
5.36855 11.92674 11.94495 H
5.820100857034458 11.337875168944514 11.488529628931715 M
5.32179 11.98821 8.7438 O
6.12716 12.35783 8.38188 H
5.53914 11.78368 9.65328 H
5.456725394284859 12.009991606150741 8.816043844350963 M
8.5662 11.98821 11.98821 O
8.92812 12.35783 11.18284 H
7.65672 11.78368 11.77086 H
8.493956155649037 12.009991606150741 11.853274605715143 M
5.26439 8.76156 12.00537 O
4.56555 8.73596 12.65898 H
4.87305 8.37812 11.22048 H
5.12055408387294 8.707592175298927 11.988049209791814 M
7.59104 7.62279 13.05734 O
7.87445 6.83584 12.59191 H
6.79843 7.90076 12.59828 H
7.523857288436864 7.5556363147458665 12.935364852684597 M
9.65672 9.64144 13.0466 O
8.95375 8.99183 13.03861 H
9.25796 10.43107 12.68094 H
9.511360202650328 9.659913926302181 12.997301452915227 M
11.38513 5.92487 11.38513 O
11.62289 6.82464 11.60901 H
11.94145 5.38326 11.94495 H
11.489899142965541 5.972124831055485 11.488529628931715 M
11.98821 5.32179 8.7438 O
11.77086 5.52632 9.65328 H
11.18284 4.95217 8.38188 H
11.853274605715143 5.300008393849257 8.816043844350963 M
8.7438 5.32179 11.98821 O
9.66128 5.51484 11.79534 H
8.77794 4.64916 12.66838 H
8.869354618966439 5.258515285130699 12.05250327443974 M
12.04561 8.54844 12.00537 O
11.25391 8.92365 12.39094 H
12.69038 8.57004 12.7125 H
12.026224383719615 8.600794225796086 12.149538399302903 M
15.71263 15.71263 15.71263 O
14.79521 15.93879 15.8657 H
15.8657 15.93879 14.79521 H
15.611783366882792 15.7723080913084 15.611783366882792 M
16.31571 16.31571 13.0713 O
16.71554 15.53098 12.69638 H
17.01369 16.97059 13.05766 H
16.46055260129836 16.29857788080033 13.020034260791494 M
13.0713 16.31571 16.31571 O
12.71622 16.72167 15.52492 H
13.0584 17.01388 16.9704 H
13.022749540060875 16.461386447993334 16.29775326974913 M
16.37311 13.08906 16.33288 O
17.03457 13.12668 17.02374 H
16.16997 14.00539 16.14497 H
16.43357971791755 13.214922033966324 16.399238100511937 M
10.25237 10.25237 15.71263 O
10.10154 10.02603 14.79489 H
11.16961 10.02692 15.86779 H
10.353488424919684 10.192761835708742 15.612016896732491 M
13.97679 8.5662 13.97679 O
13.70421 9.01927 14.7747 H
14.7747 9.01927 13.70421 H
14.046100867764064 8.68575408926909 14.046100867764064 M
12.8937 9.64929 16.31571 O
13.26862 10.43402 16.71554 H
12.90734 8.99441 17.01369 H
12.94496573920851 9.666422119199673 16.46055260129836 M
8.53121 13.9656 13.98761 O
8.89891 13.5635 14.7746 H
8.55663 13.27135 13.32912 H
8.583077375431461 13.8209500278432 14.004564003212613 M
9.59189 12.87594 16.33288 O
10.39794 13.24711 16.6917 H
9.81892 11.97105 16.11872 H
9.728192269563323 12.805522174360807 16.35196611754659 M
15.71263 10.25237 10.25237 O
14.79478 10.10734 10.02268 H
15.87752 11.16543 10.01705 H
15.613286138062493 10.353702164104154 10.19101761841325 M
16.31571 9.64929 12.8937 O
16.11118 9.86664 11.98422 H
16.68533 10.45466 13.25562 H
16.337491606150742 9.78422539428486 12.821456155649038 M
16.37311 12.87594 9.63213 O
15.57951 13.33442 9.35602 H
16.64109 13.32245 10.43528 H
16.30376087028316 12.995342360835668 9.701666481347672 M
14.04646 14.01471 8.58016 O
13.35308 13.35482 8.5826 H
13.63522 14.7963 8.94925 H
13.900718902500254 14.030766826388911 8.629178839016205 M
10.25237 15.71263 10.25237 O
11.15567 15.93656 10.02844 H
9.71933 16.27481 9.69019 H
10.301221278050601 15.816347598953056 10.148652401046945 M
9.64929 16.31571 12.8937 O
9.27152 15.5136 13.25446 H
9.85323 16.09707 11.98439 H
9.626355257755264 16.181034523118477 12.821325537258527 M
12.8937 16.31571 9.64929 O
12.9066 17.01388 8.99459 H
13.24878 16.72167 10.44008 H
12.942250459939126 16.461386447993334 9.66724541087319 M
7.05763 7.05763 15.71263 O
7.26711 7.27823 14.80506 H
7.62476 7.62521 16.2346 H
7.160094190155236 7.161620710133214 15.661754796585342 M
3.33321 8.7438 13.97679 O
3.60579 8.29073 14.7747 H
2.5353 8.29073 13.70421 H
3.263899132235935 8.624245910730913 14.046100867764064 M
4.4163 7.66071 16.31571 O
4.05438 6.85534 16.68533 H
5.32578 7.44336 16.11118 H
4.488543844350962 7.525774605715142 16.337491606150742 M
8.77879 3.34441 13.98761 O
8.33196 3.61954 14.78816 H
8.31747 2.55096 13.71586 H
8.65897071581685 3.2760240159909575 14.05737869181969 M
7.71811 4.43406 16.33288 O
6.91206 4.06289 16.6917 H
7.49108 5.33895 16.11872 H
7.581807730436678 4.504477825639192 16.35196611754659 M
1.59737 1.59737 15.71263 O
1.43248 2.51042 15.94795 H
2.51522 1.45234 15.94232 H
1.6967138619375066 1.698700844726471 15.773982381586752 M
0.99429 0.99429 13.0713 O
0.62467 1.79966 12.70938 H
1.19882 1.21164 13.98078 H
0.9725083938492576 1.129225394284858 13.143543844350962 M
4.2387 0.99429 16.31571 O
4.59378 0.58833 15.52492 H
4.2516 0.29612 16.9704 H
4.287250459939125 0.848613552006668 16.29775326974913 M
0.93689 4.22094 16.33288 O
1.74161 4.66336 16.60293 H
0.67474 4.66932 15.52885 H
1.0084754748876872 4.338470163905029 16.262427870541075 M
7.05763 1.59737 10.25237 O
7.59067 1.03519 9.69019 H
6.15433 1.37344 10.02844 H
7.008778721949398 1.4936524010469434 10.148652401046945 M
7.66071 0.99429 12.8937 O
8.33726 0.31774 12.86551 H
7.47179 1.18321 11.97454 H
7.725046813903244 0.9299531860967563 12.76870875530374 M
4.4163 0.99429 9.64929 O
3.95982 1.79483 9.39044 H
3.98001 0.71929 10.45568 H
4.298509918691632 1.063628574695385 9.7215312055956 M
3.32578 3.34106 8.5909 O
4.00494 4.01486 8.55977 H
3.13755 3.14743 7.67258 H
3.390552208538276 3.4044125581525346 8.465631685990537 M
1.59737 7.05763 10.25237 O
1.3601 6.1576 10.02904 H
1.03889 7.59862 9.6941 H
1.4923805209615768 7.010259063708507 10.149247440381489 M
0.99429 7.66071 12.8937 O
1.18321 7.47179 11.97454 H
0.31774 8.33726 12.86551 H
0.9299531860967563 7.725046813903244 12.76870875530374 M
0.93689 4.43406 9.63213 O
1.73034 4.05962 9.24942 H
0.29735 4.42012 8.92008 H
0.9571965419023609 4.3828180095897675 9.487689808894624 M
7.05763 15.71263 7.05763 O
6.14021 15.93879 7.2107 H
7.2107 15.93879 6.14021 H
6.956783366882792 15.7723080913084 6.956783366882792 M
7.66071 16.31571 4.4163 O
8.35869 16.97059 4.40266 H
8.06054 15.53098 4.04138 H
7.805552601298362 16.29857788080033 4.365034260791492 M
4.4163 16.31571 7.66071 O
4.03818 15.5301 8.05577 H
4.40081 16.96784 8.36122 H
4.364367975062125 16.298098946701792 7.805257060697612 M
8.7438 13.97679 3.33321 O
8.7309 13.27862 3.98791 H
8.38872 13.57083 2.54242 H
8.695249540060875 13.831113552006666 3.315254589126812 M
3.32578 13.96894 8.7191 O
2.53558 13.56369 8.36192 H
3.97867 13.269 8.71198 H
3.307663625049619 13.823123697972385 8.671035071047818 M
1.59737 10.25237 7.05763 O
2.51469 10.10393 7.28723 H
1.43557 11.16569 7.29405 H
1.6970516226240768 10.35328656013435 7.119115638732625 M
0.99429 9.64929 4.4163 O
1.19882 9.86664 5.32578 H
0.62467 10.45466 4.05438 H
0.9725083938492576 9.78422539428486 4.488543844350962 M
3.33321 8.5662 3.33321 O
3.11586 7.65672 3.12868 H
2.52784 8.92812 3.70283 H
3.1982746057151417 8.493956155649037 3.354991606150742 M
0.93689 12.87594 7.67788 O
0.54043 13.26009 6.89591 H
0.24131 12.89787 8.33508 H
0.7928086796241038 12.929517288907224 7.661418124662741 M
7.05763 10.25237 1.59737 O
7.59067 9.69019 1.03519 H
6.15433 10.02844 1.37344 H
7.008778721949398 10.148652401046945 1.4936524010469434 M
4.4163 9.64929 0.99429 O
4.40266 8.95131 0.33941 H
4.04138 9.24946 1.77902 H
4.365034260791492 9.50444739870164 1.0114221191996722 M
7.71811 12.87594 0.97713 O
8.37957 12.83832 0.28627 H
7.51497 11.95961 1.16503 H
7.77857971791755 12.750077966033674 0.9107705801103799 M
1.59737 15.71263 1.59737 O
1.37344 15.93656 2.50067 H
1.03519 16.27481 1.06433 H
1.4936524010469434 15.816347598953056 1.6462212780506018 M
0.99429 16.31571 4.2387 O
1.78375 16.71722 4.6017 H
0.34106 17.01522 4.25281 H
1.0122638821607342 16.46097612153426 4.288455051762714 M
4.2387 16.31571 0.99429 O
3.32922 16.09836 1.19882 H
4.60062 15.51034 0.62467 H
4.166456155649037 16.180774605715143 0.9725083938492576 M
0.93689 13.08906 0.97713 O
1.16392 13.99395 1.19129 H
1.74294 12.71789 0.61831 H
1.0731922695633227 13.159477825639192 0.958043882453411 M
15.71263 7.05763 7.05763 O
15.93656 7.28156 6.15433 H
16.27481 7.61981 7.59067 H
15.816347598953056 7.161347598953057 7.008778721949398 M
16.31571 7.66071 4.4163 O
16.71554 6.87598 4.04138 H
17.01369 8.31559 4.40266 H
16.46055260129836 7.643577880800327 4.365034260791492 M
13.97679 8.7438 3.33321 O
14.76322 8.36955 3.73032 H
13.32694 8.73773 4.03598 H
13.994810060379601 8.693621428001391 3.478325712478518 M
16.37311 4.43406 7.67788 O
16.13596 5.33719 7.4673 H
15.57173 4.05295 8.03674 H
16.236088669600036 4.502934153751351 7.697443732267443 M
14.04646 3.29529 8.72984 O
13.36439 3.96665 8.74704 H
14.22237 3.10822 9.65195 H
13.979678379252167 3.359186141757484 8.85377046504 M
10.25237 1.59737 7.05763 O
11.16979 1.4443 7.28379 H
10.0993 2.51479 7.28379 H
10.35321663311721 1.6982166331172084 7.1173080913084 M
9.64929 0.99429 4.4163 O
9.85382 1.21164 5.32578 H
9.27967 1.79966 4.05438 H
9.627508393849258 1.129225394284858 4.488543844350962 M
12.8937 0.99429 7.66071 O
13.32906 0.71297 6.856 H
13.36996 1.78001 7.92915 H
13.013977108238779 1.0608394102758159 7.589955733051919 M
8.5662 3.33321 3.33321 O
8.91702 3.71009 2.52629 H
7.65537 3.12538 3.12483 H
8.492313530435052 3.3555140797127807 3.199253583955123 M
15.71263 1.59737 1.59737 O
15.9499 2.4974 1.37404 H
16.27111 1.05638 1.0391 H
15.817619479038424 1.6447409362914927 1.4942474403814872 M
16.31571 0.99429 4.2387 O
15.50775 0.62425 4.59437 H
16.10454 1.20109 3.32828 H
16.18124826230295 0.972752478720412 4.165507523095739 M
13.0713 0.99429 0.99429 O
12.72048 0.61741 1.80121 H
13.98213 1.20212 1.20267 H
13.145186469564948 0.971985920287219 1.1282464160448769 M
16.37311 4.22094 0.97713 O
15.58103 4.59514 0.59135 H
17.0149 4.23351 0.26707 H
16.353281072818493 4.271969570603444 0.8325473161049759 M
10.25237 7.05763 1.59737 O
10.00587 6.14631 1.43937 H
10.0289 7.21098 2.5154 H
10.19036320708302 6.957625129843854 1.6976466619586208 M
12.8937 7.66071 0.99429 O
11.98422 7.45618 1.21164 H
13.25562 8.03033 1.79966 H
12.821456155649038 7.682491606150743 1.129225394284858 M
9.59189 4.43406 0.97713 O
10.38397 4.05986 0.59135 H
8.9501 4.42149 0.26707 H
9.611718927181506 4.383030429396555 0.8325473161049759 M
11.38513 2.73013 14.57987 O
11.53976 2.95616 15.49706 H
10.46925 2.96231 14.4266 H
11.284692373964184 2.7905852047630484 14.680659899876886 M
11.98821 3.33321 17.2212 O
12.68619 3.98809 17.23484 H
12.38804 2.54848 17.59612 H
12.133052601298363 3.3160778808003277 17.272465739208506 M
12.04561 0.10656 13.95962 O
11.23956 -0.26461 13.6008 H
11.81858 1.01145 14.17378 H
11.909307730436677 0.17697782563919207 13.94053388245341 M
2.73013 11.38513 14.57987 O
2.95629 10.46771 14.4268 H
2.95629 11.5382 15.49729 H
2.7898080913084002 11.284283366882791 14.680716633117209 M
3.33321 11.98821 17.2212 O
3.73304 11.20348 17.59612 H
4.03119 12.64309 17.23484 H
3.4780526012983612 11.971077880800328 17.272465739208506 M
0.0888 11.98821 13.97679 O
-0.26202 12.36509 14.78371 H
0.99963 11.78038 14.18517 H
0.16268646956494787 12.010514079712781 14.110746416044876 M
14.57987 5.92487 14.57987 O
14.35436 6.8274 14.35447 H
14.01672 5.38993 14.02047 H
14.475815959738055 5.97336900420953 14.476325239523275 M
13.97679 5.32179 17.2212 O
13.60717 6.12716 17.58312 H
14.18132 5.53914 16.31172 H
13.955008393849257 5.456725394284859 17.14895615564904 M
17.2212 5.32179 13.97679 O
17.58312 6.12716 13.60717 H
16.31172 5.53914 14.18132 H
17.14895615564904 5.456725394284859 13.955008393849257 M
5.92487 14.57987 14.57987 O
6.84219 14.43143 14.35027 H
5.76307 15.49319 14.34345 H
6.024551622624077 14.68078656013435 14.518384361267376 M
5.32179 13.97679 17.2212 O
5.53296 14.18359 16.31078 H
6.12975 13.60675 17.57687 H
5.45625173769705 13.95525247872041 17.148007523095735 M
5.26439 17.20344 13.95962 O
6.05647 17.57764 13.57385 H
4.6226 17.21601 13.24956 H
5.284218927181507 17.254469570603444 13.815038635482658 M
2.73013 2.73013 5.92487 O
1.81228 2.87516 5.69518 H
2.89502 1.81708 5.68955 H
2.6307861380624935 2.6287991552735286 5.863517618413249 M
0.0888 3.33321 5.32179 O
-0.35044 3.60538 6.12754 H
-0.36827 2.53489 5.05719 H
-0.029457141007764844 3.263790943266018 5.393188123256856 M
3.39061 0.10656 5.30462 O
3.78707 -0.27759 6.08659 H
4.08619 0.08463 4.64742 H
3.534691320375896 0.05298271109277688 5.321081875337259 M
2.73013 14.57987 11.38513 O
2.95217 14.35267 10.48219 H
3.29371 14.01991 11.91903 H
2.8337829494466424 14.476013866390343 11.33643968602659 M
0.0888 13.97679 11.98821 O
1.00796 14.16571 11.79929 H
0.11699 13.30024 12.66476 H
0.21379124469626137 13.912453186096755 12.052546813903245 M
3.39061 17.20344 12.00537 O
3.16358 16.29855 11.79121 H
2.58456 17.57461 12.36419 H
3.254307730436677 17.133022174360807 12.024456117546588 M
14.57987 2.73013 11.38513 O
15.49772 2.87516 11.61482 H
14.41498 1.81707 11.62045 H
14.679213861937507 2.628797835895847 11.446482381586751 M
17.2212 3.33321 11.98821 O
17.57628 3.73917 11.19742 H
17.2341 4.03138 12.64291 H
17.269750459939125 3.478886447993332 11.970254589126814 M
13.91939 0.10656 12.00537 O
13.2776 0.09399 12.71543 H
14.71147 -0.26764 12.39115 H
13.939218927181507 0.05553042939655564 12.149952683895023 M
14.57987 14.57987 5.92487 O
15.49674 14.35765 5.763 H
14.44142 14.36965 6.84838 H
14.682572997515663 14.522814831523249 6.02535908176541 M
17.2212 13.97679 5.32179 O
17.59612 14.76152 4.92196 H
17.23484 13.32191 4.62381 H
17.272465739208506 13.993922119199672 5.176947398701639 M
13.91939 17.20344 5.30462 O
13.25793 17.16582 4.61376 H
14.12253 16.28711 5.49253 H
13.858920282082451 17.077577966033672 5.238261899488061 M
5.92487 2.73013 2.73013 O
5.36421 3.27049 3.28682 H
5.6881 1.82983 2.95291 H
5.819658865511016 2.6826403197171347 2.8329715321722646 M
5.32179 3.33321 0.0888 O
5.52632 3.11586 0.99828 H
4.95217 2.52784 -0.27312 H
5.300008393849257 3.1982746057151417 0.16104384435096306 M
5.26439 0.10656 3.35037 O
6.06911 -0.33586 3.62042 H
5.00224 -0.34182 2.54634 H
5.335975474887687 -0.010970163905029438 3.2799178705410776 M
2.73013 5.92487 2.73013 O
1.82683 5.70085 2.95395 H
3.26316 5.35892 3.28854 H
2.681277402571716 5.820643121261725 2.833335680412473 M
3.33321 5.32179 0.0888 O
4.00976 4.64524 0.11699 H
3.14429 5.51071 1.00796 H
3.3975468139032436 5.257453186096756 0.21379124469626137 M
0.0888 5.32179 3.33321 O
0.0759 4.62362 3.98791 H
-0.26628 4.91583 2.54242 H
0.04024954006087479 5.176113552006668 3.315254589126812 M
14.57987 11.38513 2.73013 O
14.35371 10.46771 2.8832 H
14.35371 11.5382 1.81271 H
14.5201919086916 11.284283366882791 2.6292833668827917 M
13.97679 11.98821 0.0888 O
13.32356 12.68772 0.07469 H
14.76625 12.38972 -0.2742 H
13.994763882160733 12.133476121534256 0.039044948237285985 M
17.2212 11.98821 3.33321 O
16.31037 11.78038 3.12483 H
17.57202 12.36509 2.52629 H
17.14731353043505 12.010514079712781 3.199253583955123 M
11.38513 14.57987 2.73013 O
10.48234 14.35492 2.95508 H
11.91945 14.0183 3.29172 H
11.336514890554461 14.476098306561985 2.833904332193379 M
11.98821 13.97679 0.0888 O
12.35783 14.78216 -0.27312 H
11.78368 14.19414 0.99828 H
12.009991606150741 14.111725394284857 0.16104384435096306 M
12.04561 17.20344 3.35037 O
11.23956 17.57461 3.70919 H
11.81858 16.29855 3.13621 H
11.909307730436677 17.133022174360807 3.369456117546589 M
0.0 0.0 0.0 O
-0.53524 -0.53524 -0.58588 H
0.53524 0.53524 -0.58588 H
0.0 0.0 -0.15459939925612626 M
4.32748 4.31665 4.31671 O
4.86142 4.85453 4.90137 H
3.79093 3.78405 4.9038 H
4.32713564242502 4.317346631416052 4.471308079878444 M
8.655 8.655 0.0 O
9.24088 9.19024 -0.53524 H
9.24088 8.11976 0.53524 H
8.809599399256125 8.655 0.0 M
0.0 8.655 8.655 O
0.53524 9.24088 8.11976 H
-0.53524 9.24088 9.19024 H
0.0 8.809599399256125 8.655 M
8.655 0.0 8.655 O
8.11976 -0.53524 8.06912 H
9.19024 0.53524 8.06912 H
8.655 0.0 8.500400600743873 M
12.98252 12.99335 4.31671 O
13.56838 13.52462 4.85592 H
13.56837 12.45413 3.78543 H
13.137112802367717 12.992301094742878 4.317756266501759 M
4.32748 12.99335 12.99329 O
4.86407 13.52592 13.58037 H
3.79358 12.45544 13.57796 H
4.327834912596435 12.992645452317857 13.147888079878445 M
12.98252 4.31665 12.9933 O
12.44593 3.72957 13.52588 H
13.51643 3.73198 12.4554 H
12.982166406781246 4.162051920121556 12.992598091073221 M
-5.92487 5.92487 5.92487 O
-5.75998 6.83792 5.68955 H
-6.84272 5.77984 5.69518 H
-6.024213861937508 6.026200844726471 5.863517618413249 M
-5.32179 5.32179 8.5662 O
-5.53914 5.52632 7.65672 H
-6.12716 4.95217 8.92812 H
-5.456725394284859 5.300008393849257 8.493956155649037 M
-7.66071 4.2387 9.64929 O
-8.03033 4.60062 10.45466 H
-7.45618 3.32922 9.86664 H
-7.682491606150743 4.166456155649037 9.78422539428486 M
-9.64929 4.2387 7.66071 O
-8.95131 4.25234 8.31559 H
-9.24946 4.61362 6.87598 H
-9.50444739870164 4.289965739208507 7.643577880800327 M
-8.5662 5.32179 5.32179 O
-8.58169 4.66966 4.62128 H
-8.94432 6.1074 4.92673 H
-8.618132024937875 5.339401053298207 5.1772429393023875 M
-4.2387 7.66071 9.64929 O
-4.60062 6.85534 9.27967 H
-3.32922 7.44336 9.85382 H
-4.166456155649037 7.525774605715142 9.627508393849258 M
-4.20371 9.63809 7.64989 O
-4.22695 8.98285 8.34728 H
-4.58643 10.42187 8.04415 H
-4.25727145637504 9.655049280723341 7.793919864646301 M
-5.26439 8.54844 5.30462 O
-4.8662 8.92706 6.08841 H
-4.56904 8.57135 4.6472 H
-5.120110772971817 8.601416972061951 5.321292975766365 M
-7.59104 9.68721 4.25266 O
-6.78722 9.29891 4.59812 H
-7.39129 9.87671 3.33592 H
-7.458631213976009 9.660980771683521 4.177286591787533 M
-9.65672 7.66856 4.2634 O
-9.00013 8.36495 4.27642 H
-10.44563 8.07583 4.62115 H
-9.674178005487107 7.814174437242282 4.3123185663123795 M
-11.38513 11.38513 5.92487 O
-11.60951 11.60961 6.82792 H
-11.94514 11.94889 5.39121 H
-11.488620665991768 11.489128626399305 5.973606492192276 M
-11.98821 11.98821 8.5662 O
-11.1903 12.26079 9.01927 H
-12.26079 11.1903 9.01927 H
-11.918899132235936 11.918899132235936 8.68575408926909 M
-9.64929 13.0713 9.64929 O
-8.97274 13.09949 8.97274 H
-9.83821 13.99046 9.83821 H
-9.584953186096758 13.196291244696262 9.584953186096758 M
-7.66071 13.0713 7.66071 O
-8.03033 12.70938 6.85534 H
-7.45618 13.98078 7.44336 H
-7.682491606150743 13.143543844350962 7.525774605715142 M
-8.7438 11.98821 5.32179 O
-9.65123 11.75854 5.52191 H
-8.36822 11.18681 4.9572 H
-8.813971102012674 11.852172925350743 5.300090195265536 M
-13.0713 9.64929 9.64929 O
-12.71605 9.23914 10.43784 H
-13.06858 8.95167 8.99389 H
-13.024070237120473 9.503133298530452 9.666857513834707 M
-13.10629 7.6719 7.64989 O
-14.01431 7.44697 7.44707 H
-12.73716 6.86979 8.01947 H
-13.177389943900742 7.5363946345565545 7.671891942223622 M
-12.04561 8.76156 5.30462 O
-11.82119 9.66486 5.52804 H
-12.40739 8.39732 6.1125 H
-12.06373297183879 8.832682373321333 5.440687420335942 M
-5.92487 11.38513 11.38513 O
-5.68711 10.48536 11.60901 H
-5.36855 11.92674 11.94495 H
-5.820100857034458 11.337875168944514 11.488529628931715 M
-5.32179 11.98821 8.7438 O
-6.12716 12.35783 8.38188 H
-5.53914 11.78368 9.65328 H
-5.456725394284859 12.009991606150741 8.816043844350963 M
-8.5662 11.98821 11.98821 O
-8.92812 12.35783 11.18284 H
-7.65672 11.78368 11.77086 H
-8.493956155649037 12.009991606150741 11.853274605715143 M
-5.26439 8.76156 12.00537 O
-4.56555 8.73596 12.65898 H
-4.87305 8.37812 11.22048 H
-5.12055408387294 8.707592175298927 11.988049209791814 M
-7.59104 7.62279 13.05734 O
-7.87445 6.83584 12.59191 H
-6.79843 7.90076 12.59828 H
-7.523857288436864 7.5556363147458665 12.935364852684597 M
-9.65672 9.64144 13.0466 O
-8.95375 8.99183 13.03861 H
-9.25796 10.43107 12.68094 H
-9.511360202650328 9.659913926302181 12.997301452915227 M
-11.38513 5.92487 11.38513 O
-11.62289 6.82464 11.60901 H
-11.94145 5.38326 11.94495 H
-11.489899142965541 5.972124831055485 11.488529628931715 M
-11.98821 5.32179 8.7438 O
-11.77086 5.52632 9.65328 H
-11.18284 4.95217 8.38188 H
-11.853274605715143 5.300008393849257 8.816043844350963 M
-8.7438 5.32179 11.98821 O
-9.66128 5.51484 11.79534 H
-8.77794 4.64916 12.66838 H
-8.869354618966439 5.258515285130699 12.05250327443974 M
-12.04561 8.54844 12.00537 O
-11.25391 8.92365 12.39094 H
-12.69038 8.57004 12.7125 H
-12.026224383719615 8.600794225796086 12.149538399302903 M
-15.71263 15.71263 15.71263 O
-14.79521 15.93879 15.8657 H
-15.8657 15.93879 14.79521 H
-15.611783366882792 15.7723080913084 15.611783366882792 M
-16.31571 16.31571 13.0713 O
-16.71554 15.53098 12.69638 H
-17.01369 16.97059 13.05766 H
-16.46055260129836 16.29857788080033 13.020034260791494 M
-13.0713 16.31571 16.31571 O
-12.71622 16.72167 15.52492 H
-13.0584 17.01388 16.9704 H
-13.022749540060875 16.461386447993334 16.29775326974913 M
-16.37311 13.08906 16.33288 O
-17.03457 13.12668 17.02374 H
-16.16997 14.00539 16.14497 H
-16.43357971791755 13.214922033966324 16.399238100511937 M
-10.25237 10.25237 15.71263 O
-10.10154 10.02603 14.79489 H
-11.16961 10.02692 15.86779 H
-10.353488424919684 10.192761835708742 15.612016896732491 M
-13.97679 8.5662 13.97679 O
-13.70421 9.01927 14.7747 H
-14.7747 9.01927 13.70421 H
-14.046100867764064 8.68575408926909 14.046100867764064 M
-12.8937 9.64929 16.31571 O
-13.26862 10.43402 16.71554 H
-12.90734 8.99441 17.01369 H
-12.94496573920851 9.666422119199673 16.46055260129836 M
-8.53121 13.9656 13.98761 O
-8.89891 13.5635 14.7746 H
-8.55663 13.27135 13.32912 H
-8.583077375431461 13.8209500278432 14.004564003212613 M
-9.59189 12.87594 16.33288 O
-10.39794 13.24711 16.6917 H
-9.81892 11.97105 16.11872 H
-9.728192269563323 12.805522174360807 16.35196611754659 M
-15.71263 10.25237 10.25237 O
-14.79478 10.10734 10.02268 H
-15.87752 11.16543 10.01705 H
-15.613286138062493 10.353702164104154 10.19101761841325 M
-16.31571 9.64929 12.8937 O
-16.11118 9.86664 11.98422 H
-16.68533 10.45466 13.25562 H
-16.337491606150742 9.78422539428486 12.821456155649038 M
-16.37311 12.87594 9.63213 O
-15.57951 13.33442 9.35602 H
-16.64109 13.32245 10.43528 H
-16.30376087028316 12.995342360835668 9.701666481347672 M
-14.04646 14.01471 8.58016 O
-13.35308 13.35482 8.5826 H
-13.63522 14.7963 8.94925 H
-13.900718902500254 14.030766826388911 8.629178839016205 M
-10.25237 15.71263 10.25237 O
-11.15567 15.93656 10.02844 H
-9.71933 16.27481 9.69019 H
-10.301221278050601 15.816347598953056 10.148652401046945 M
-9.64929 16.31571 12.8937 O
-9.27152 15.5136 13.25446 H
-9.85323 16.09707 11.98439 H
-9.626355257755264 16.181034523118477 12.821325537258527 M
-12.8937 16.31571 9.64929 O
-12.9066 17.01388 8.99459 H
-13.24878 16.72167 10.44008 H
-12.942250459939126 16.461386447993334 9.66724541087319 M
-7.05763 7.05763 15.71263 O
-7.26711 7.27823 14.80506 H
-7.62476 7.62521 16.2346 H
-7.160094190155236 7.161620710133214 15.661754796585342 M
-3.33321 8.7438 13.97679 O
-3.60579 8.29073 14.7747 H
-2.5353 8.29073 13.70421 H
-3.263899132235935 8.624245910730913 14.046100867764064 M
-4.4163 7.66071 16.31571 O
-4.05438 6.85534 16.68533 H
-5.32578 7.44336 16.11118 H
-4.488543844350962 7.525774605715142 16.337491606150742 M
-8.77879 3.34441 13.98761 O
-8.33196 3.61954 14.78816 H
-8.31747 2.55096 13.71586 H
-8.65897071581685 3.2760240159909575 14.05737869181969 M
-7.71811 4.43406 16.33288 O
-6.91206 4.06289 16.6917 H
-7.49108 5.33895 16.11872 H
-7.581807730436678 4.504477825639192 16.35196611754659 M
-1.59737 1.59737 15.71263 O
-1.43248 2.51042 15.94795 H
-2.51522 1.45234 15.94232 H
-1.6967138619375066 1.698700844726471 15.773982381586752 M
-0.99429 0.99429 13.0713 O
-0.62467 1.79966 12.70938 H
-1.19882 1.21164 13.98078 H
-0.9725083938492576 1.129225394284858 13.143543844350962 M
-4.2387 0.99429 16.31571 O
-4.59378 0.58833 15.52492 H
-4.2516 0.29612 16.9704 H
-4.287250459939125 0.848613552006668 16.29775326974913 M
-0.93689 4.22094 16.33288 O
-1.74161 4.66336 16.60293 H
-0.67474 4.66932 15.52885 H
-1.0084754748876872 4.338470163905029 16.262427870541075 M
-7.05763 1.59737 10.25237 O
-7.59067 1.03519 9.69019 H
-6.15433 1.37344 10.02844 H
-7.008778721949398 1.4936524010469434 10.148652401046945 M
-7.66071 0.99429 12.8937 O
-8.33726 0.31774 12.86551 H
-7.47179 1.18321 11.97454 H
-7.725046813903244 0.9299531860967563 12.76870875530374 M
-4.4163 0.99429 9.64929 O
-3.95982 1.79483 9.39044 H
-3.98001 0.71929 10.45568 H
-4.298509918691632 1.063628574695385 9.7215312055956 M
-3.32578 3.34106 8.5909 O
-4.00494 4.01486 8.55977 H
-3.13755 3.14743 7.67258 H
-3.390552208538276 3.4044125581525346 8.465631685990537 M
-1.59737 7.05763 10.25237 O
-1.3601 6.1576 10.02904 H
-1.03889 7.59862 9.6941 H
-1.4923805209615768 7.010259063708507 10.149247440381489 M
-0.99429 7.66071 12.8937 O
-1.18321 7.47179 11.97454 H
-0.31774 8.33726 12.86551 H
-0.9299531860967563 7.725046813903244 12.76870875530374 M
-0.93689 4.43406 9.63213 O
-1.73034 4.05962 9.24942 H
-0.29735 4.42012 8.92008 H
-0.9571965419023609 4.3828180095897675 9.487689808894624 M
-7.05763 15.71263 7.05763 O
-6.14021 15.93879 7.2107 H
-7.2107 15.93879 6.14021 H
-6.956783366882792 15.7723080913084 6.956783366882792 M
-7.66071 16.31571 4.4163 O
-8.35869 16.97059 4.40266 H
-8.06054 15.53098 4.04138 H
-7.805552601298362 16.29857788080033 4.365034260791492 M
-4.4163 16.31571 7.66071 O
-4.03818 15.5301 8.05577 H
-4.40081 16.96784 8.36122 H
-4.364367975062125 16.298098946701792 7.805257060697612 M
-8.7438 13.97679 3.33321 O
-8.7309 13.27862 3.98791 H
-8.38872 13.57083 2.54242 H
-8.695249540060875 13.831113552006666 3.315254589126812 M
-3.32578 13.96894 8.7191 O
-2.53558 13.56369 8.36192 H
-3.97867 13.269 8.71198 H
-3.307663625049619 13.823123697972385 8.671035071047818 M
-1.59737 10.25237 7.05763 O
-2.51469 10.10393 7.28723 H
-1.43557 11.16569 7.29405 H
-1.6970516226240768 10.35328656013435 7.119115638732625 M
-0.99429 9.64929 4.4163 O
-1.19882 9.86664 5.32578 H
-0.62467 10.45466 4.05438 H
-0.9725083938492576 9.78422539428486 4.488543844350962 M
-3.33321 8.5662 3.33321 O
-3.11586 7.65672 3.12868 H
-2.52784 8.92812 3.70283 H
-3.1982746057151417 8.493956155649037 3.354991606150742 M
-0.93689 12.87594 7.67788 O
-0.54043 13.26009 6.89591 H
-0.24131 12.89787 8.33508 H
-0.7928086796241038 12.929517288907224 7.661418124662741 M
-7.05763 10.25237 1.59737 O
-7.59067 9.69019 1.03519 H
-6.15433 10.02844 1.37344 H
-7.008778721949398 10.148652401046945 1.4936524010469434 M
-4.4163 9.64929 0.99429 O
-4.40266 8.95131 0.33941 H
-4.04138 9.24946 1.77902 H
-4.365034260791492 9.50444739870164 1.0114221191996722 M
-7.71811 12.87594 0.97713 O
-8.37957 12.83832 0.28627 H
-7.51497 11.95961 1.16503 H
-7.77857971791755 12.750077966033674 0.9107705801103799 M
-1.59737 15.71263 1.59737 O
-1.37344 15.93656 2.50067 H
-1.03519 16.27481 1.06433 H
-1.4936524010469434 15.816347598953056 1.6462212780506018 M
-0.99429 16.31571 4.2387 O
-1.78375 16.71722 4.6017 H
-0.34106 17.01522 4.25281 H
-1.0122638821607342 16.46097612153426 4.288455051762714 M
-4.2387 16.31571 0.99429 O
-3.32922 16.09836 1.19882 H
-4.60062 15.51034 0.62467 H
-4.166456155649037 16.180774605715143 0.9725083938492576 M
-0.93689 13.08906 0.97713 O
-1.16392 13.99395 1.19129 H
-1.74294 12.71789 0.61831 H
-1.0731922695633227 13.159477825639192 0.958043882453411 M
-15.71263 7.05763 7.05763 O
-15.93656 7.28156 6.15433 H
-16.27481 7.61981 7.59067 H
-15.816347598953056 7.161347598953057 7.008778721949398 M
-16.31571 7.66071 4.4163 O
-16.71554 6.87598 4.04138 H
-17.01369 8.31559 4.40266 H
-16.46055260129836 7.643577880800327 4.365034260791492 M
-13.97679 8.7438 3.33321 O
-14.76322 8.36955 3.73032 H
-13.32694 8.73773 4.03598 H
-13.994810060379601 8.693621428001391 3.478325712478518 M
-16.37311 4.43406 7.67788 O
-16.13596 5.33719 7.4673 H
-15.57173 4.05295 8.03674 H
-16.236088669600036 4.502934153751351 7.697443732267443 M
-14.04646 3.29529 8.72984 O
-13.36439 3.96665 8.74704 H
-14.22237 3.10822 9.65195 H
-13.979678379252167 3.359186141757484 8.85377046504 M
-10.25237 1.59737 7.05763 O
-11.16979 1.4443 7.28379 H
-10.0993 2.51479 7.28379 H
-10.35321663311721 1.6982166331172084 7.1173080913084 M
-9.64929 0.99429 4.4163 O
-9.85382 1.21164 5.32578 H
-9.27967 1.79966 4.05438 H
-9.627508393849258 1.129225394284858 4.488543844350962 M
-12.8937 0.99429 7.66071 O
-13.32906 0.71297 6.856 H
-13.36996 1.78001 7.92915 H
-13.013977108238779 1.0608394102758159 7.589955733051919 M
-8.5662 3.33321 3.33321 O
-8.91702 3.71009 2.52629 H
-7.65537 3.12538 3.12483 H
-8.492313530435052 3.3555140797127807 3.199253583955123 M
-15.71263 1.59737 1.59737 O
-15.9499 2.4974 1.37404 H
-16.27111 1.05638 1.0391 H
-15.817619479038424 1.6447409362914927 1.4942474403814872 M
-16.31571 0.99429 4.2387 O
-15.50775 0.62425 4.59437 H
-16.10454 1.20109 3.32828 H
-16.18124826230295 0.972752478720412 4.165507523095739 M
-13.0713 0.99429 0.99429 O
-12.72048 0.61741 1.80121 H
-13.98213 1.20212 1.20267 H
-13.145186469564948 0.971985920287219 1.1282464160448769 M
-16.37311 4.22094 0.97713 O
-15.58103 4.59514 0.59135 H
-17.0149 4.23351 0.26707 H
-16.353281072818493 4.271969570603444 0.8325473161049759 M
-10.25237 7.05763 1.59737 O
-10.00587 6.14631 1.43937 H
-10.0289 7.21098 2.5154 H
-10.19036320708302 6.957625129843854 1.6976466619586208 M
-12.8937 7.66071 0.99429 O
-11.98422 7.45618 1.21164 H
-13.25562 8.03033 1.79966 H
-12.821456155649038 7.682491606150743 1.129225394284858 M
-9.59189 4.43406 0.97713 O
-10.38397 4.05986 0.59135 H
-8.9501 4.42149 0.26707 H
-9.611718927181506 4.383030429396555 0.8325473161049759 M
-11.38513 2.73013 14.57987 O
-11.53976 2.95616 15.49706 H
-10.46925 2.96231 14.4266 H
-11.284692373964184 2.7905852047630484 14.680659899876886 M
-11.98821 3.33321 17.2212 O
-12.68619 3.98809 17.23484 H
-12.38804 2.54848 17.59612 H
-12.133052601298363 3.3160778808003277 17.272465739208506 M
-12.04561 0.10656 13.95962 O
-11.23956 -0.26461 13.6008 H
-11.81858 1.01145 14.17378 H
-11.909307730436677 0.17697782563919207 13.94053388245341 M
-2.73013 11.38513 14.57987 O
-2.95629 10.46771 14.4268 H
-2.95629 11.5382 15.49729 H
-2.7898080913084002 11.284283366882791 14.680716633117209 M
-3.33321 11.98821 17.2212 O
-3.73304 11.20348 17.59612 H
-4.03119 12.64309 17.23484 H
-3.4780526012983612 11.971077880800328 17.272465739208506 M
-0.0888 11.98821 13.97679 O
0.26202 12.36509 14.78371 H
-0.99963 11.78038 14.18517 H
-0.16268646956494787 12.010514079712781 14.110746416044876 M
-14.57987 5.92487 14.57987 O
-14.35436 6.8274 14.35447 H
-14.01672 5.38993 14.02047 H
-14.475815959738055 5.97336900420953 14.476325239523275 M
-13.97679 5.32179 17.2212 O
-13.60717 6.12716 17.58312 H
-14.18132 5.53914 16.31172 H
-13.955008393849257 5.456725394284859 17.14895615564904 M
-17.2212 5.32179 13.97679 O
-17.58312 6.12716 13.60717 H
-16.31172 5.53914 14.18132 H
-17.14895615564904 5.456725394284859 13.955008393849257 M
-5.92487 14.57987 14.57987 O
-6.84219 14.43143 14.35027 H
-5.76307 15.49319 14.34345 H
-6.024551622624077 14.68078656013435 14.518384361267376 M
-5.32179 13.97679 17.2212 O
-5.53296 14.18359 16.31078 H
-6.12975 13.60675 17.57687 H
-5.45625173769705 13.95525247872041 17.148007523095735 M
-5.26439 17.20344 13.95962 O
-6.05647 17.57764 13.57385 H
-4.6226 17.21601 13.24956 H
-5.284218927181507 17.254469570603444 13.815038635482658 M
-2.73013 2.73013 5.92487 O
-1.81228 2.87516 5.69518 H
-2.89502 1.81708 5.68955 H
-2.6307861380624935 2.6287991552735286 5.863517618413249 M
-0.0888 3.33321 5.32179 O
0.35044 3.60538 6.12754 H
0.36827 2.53489 5.05719 H
0.029457141007764844 3.263790943266018 5.393188123256856 M
-3.39061 0.10656 5.30462 O
-3.78707 -0.27759 6.08659 H
-4.08619 0.08463 4.64742 H
-3.534691320375896 0.05298271109277688 5.321081875337259 M
-2.73013 14.57987 11.38513 O
-2.95217 14.35267 10.48219 H
-3.29371 14.01991 11.91903 H
-2.8337829494466424 14.476013866390343 11.33643968602659 M
-0.0888 13.97679 11.98821 O
-1.00796 14.16571 11.79929 H
-0.11699 13.30024 12.66476 H
-0.21379124469626137 13.912453186096755 12.052546813903245 M
-3.39061 17.20344 12.00537 O
-3.16358 16.29855 11.79121 H
-2.58456 17.57461 12.36419 H
-3.254307730436677 17.133022174360807 12.024456117546588 M
-14.57987 2.73013 11.38513 O
-15.49772 2.87516 11.61482 H
-14.41498 1.81707 11.62045 H
-14.679213861937507 2.628797835895847 11.446482381586751 M
-17.2212 3.33321 11.98821 O
-17.57628 3.73917 11.19742 H
-17.2341 4.03138 12.64291 H
-17.269750459939125 3.478886447993332 11.970254589126814 M
-13.91939 0.10656 12.00537 O
-13.2776 0.09399 12.71543 H
-14.71147 -0.26764 12.39115 H
-13.939218927181507 0.05553042939655564 12.149952683895023 M
-14.57987 14.57987 5.92487 O
-15.49674 14.35765 5.763 H
-14.44142 14.36965 6.84838 H
-14.682572997515663 14.522814831523249 6.02535908176541 M
-17.2212 13.97679 5.32179 O
-17.59612 14.76152 4.92196 H
-17.23484 13.32191 4.62381 H
-17.272465739208506 13.993922119199672 5.176947398701639 M
-13.91939 17.20344 5.30462 O
-13.25793 17.16582 4.61376 H
-14.12253 16.28711 5.49253 H
-13.858920282082451 17.077577966033672 5.238261899488061 M
-5.92487 2.73013 2.73013 O
-5.36421 3.27049 3.28682 H
-5.6881 1.82983 2.95291 H
-5.819658865511016 2.6826403197171347 2.8329715321722646 M
-5.32179 3.33321 0.0888 O
-5.52632 3.11586 0.99828 H
-4.95217 2.52784 -0.27312 H
-5.300008393849257 3.1982746057151417 0.16104384435096306 M
-5.26439 0.10656 3.35037 O
-6.06911 -0.33586 3.62042 H
-5.00224 -0.34182 2.54634 H
-5.335975474887687 -0.010970163905029438 3.2799178705410776 M
-2.73013 5.92487 2.73013 O
-1.82683 5.70085 2.95395 H
-3.26316 5.35892 3.28854 H
-2.681277402571716 5.820643121261725 2.833335680412473 M
-3.33321 5.32179 0.0888 O
-4.00976 4.64524 0.11699 H
-3.14429 5.51071 1.00796 H
-3.3975468139032436 5.257453186096756 0.21379124469626137 M
-0.0888 5.32179 3.33321 O
-0.0759 4.62362 3.98791 H
0.26628 4.91583 2.54242 H
-0.04024954006087479 5.176113552006668 3.315254589126812 M
-14.57987 11.38513 2.73013 O
-14.35371 10.46771 2.8832 H
-14.35371 11.5382 1.81271 H
-14.5201919086916 11.284283366882791 2.6292833668827917 M
-13.97679 11.98821 0.0888 O
-13.32356 12.68772 0.07469 H
-14.76625 12.38972 -0.2742 H
-13.994763882160733 12.133476121534256 0.039044948237285985 M
-17.2212 11.98821 3.33321 O
-16.31037 11.78038 3.12483 H
-17.57202 12.36509 2.52629 H
-17.14731353043505 12.010514079712781 3.199253583955123 M
-11.38513 14.57987 2.73013 O
-10.48234 14.35492 2.95508 H
-11.91945 14.0183 3.29172 H
-11.336514890554461 14.476098306561985 2.833904332193379 M
-11.98821 13.97679 0.0888 O
-12.35783 14.78216 -0.27312 H
-11.78368 14.19414 0.99828 H
-12.009991606150741 14.111725394284857 0.16104384435096306 M
-12.04561 17.20344 3.35037 O
-11.23956 17.57461 3.70919 H
-11.81858 16.29855 3.13621 H
-11.909307730436677 17.133022174360807 3.369456117546589 M
0.0 0.0 0.0 O
0.53524 -0.53524 -0.58588 H
-0.53524 0.53524 -0.58588 H
0.0 0.0 -0.15459939925612626 M
-4.32748 4.31665 4.31671 O
-4.86142 4.85453 4.90137 H
-3.79093 3.78405 4.9038 H
-4.32713564242502 4.317346631416052 4.471308079878444 M
-8.655 8.655 0.0 O
-9.24088 9.19024 -0.53524 H
-9.24088 8.11976 0.53524 H
-8.809599399256125 8.655 0.0 M
0.0 8.655 8.655 O
-0.53524 9.24088 8.11976 H
0.53524 9.24088 9.19024 H
0.0 8.809599399256125 8.655 M
-8.655 0.0 8.655 O
-8.11976 -0.53524 8.06912 H
-9.19024 0.53524 8.06912 H
-8.655 0.0 8.500400600743873 M
-12.98252 12.99335 4.31671 O
-13.56838 13.52462 4.85592 H
-13.56837 12.45413 3.78543 H
-13.137112802367717 12.992301094742878 4.317756266501759 M
-4.32748 12.99335 12.99329 O
-4.86407 13.52592 13.58037 H
-3.79358 12.45544 13.57796 H
-4.327834912596435 12.992645452317857 13.147888079878445 M
-12.98252 4.31665 12.9933 O
-12.44593 3.72957 13.52588 H
-13.51643 3.73198 12.4554 H
-12.982166406781246 4.162051920121556 12.992598091073221 M
5.92487 -5.92487 5.92487 O
5.75998 -6.83792 5.68955 H
6.84272 -5.77984 5.69518 H
6.024213861937508 -6.026200844726471 5.863517618413249 M
5.32179 -5.32179 8.5662 O
5.53914 -5.52632 7.65672 H
6.12716 -4.95217 8.92812 H
5.456725394284859 -5.300008393849257 8.493956155649037 M
7.66071 -4.2387 9.64929 O
8.03033 -4.60062 10.45466 H
7.45618 -3.32922 9.86664 H
7.682491606150743 -4.166456155649037 9.78422539428486 M
9.64929 -4.2387 7.66071 O
8.95131 -4.25234 8.31559 H
9.24946 -4.61362 6.87598 H
9.50444739870164 -4.289965739208507 7.643577880800327 M
8.5662 -5.32179 5.32179 O
8.58169 -4.66966 4.62128 H
8.94432 -6.1074 4.92673 H
8.618132024937875 -5.339401053298207 5.1772429393023875 M
4.2387 -7.66071 9.64929 O
4.60062 -6.85534 9.27967 H
3.32922 -7.44336 9.85382 H
4.166456155649037 -7.525774605715142 9.627508393849258 M
4.20371 -9.63809 7.64989 O
4.22695 -8.98285 8.34728 H
4.58643 -10.42187 8.04415 H
4.25727145637504 -9.655049280723341 7.793919864646301 M
5.26439 -8.54844 5.30462 O
4.8662 -8.92706 6.08841 H
4.56904 -8.57135 4.6472 H
5.120110772971817 -8.601416972061951 5.321292975766365 M
7.59104 -9.68721 4.25266 O
6.78722 -9.29891 4.59812 H
7.39129 -9.87671 3.33592 H
7.458631213976009 -9.660980771683521 4.177286591787533 M
9.65672 -7.66856 4.2634 O
9.00013 -8.36495 4.27642 H
10.44563 -8.07583 4.62115 H
9.674178005487107 -7.814174437242282 4.3123185663123795 M
11.38513 -11.38513 5.92487 O
11.60951 -11.60961 6.82792 H
11.94514 -11.94889 5.39121 H
11.488620665991768 -11.489128626399305 5.973606492192276 M
11.98821 -11.98821 8.5662 O
11.1903 -12.26079 9.01927 H
12.26079 -11.1903 9.01927 H
11.918899132235936 -11.918899132235936 8.68575408926909 M
9.64929 -13.0713 9.64929 O
8.97274 -13.09949 8.97274 H
9.83821 -13.99046 9.83821 H
9.584953186096758 -13.196291244696262 9.584953186096758 M
7.66071 -13.0713 7.66071 O
8.03033 -12.70938 6.85534 H
7.45618 -13.98078 7.44336 H
7.682491606150743 -13.143543844350962 7.525774605715142 M
8.7438 -11.98821 5.32179 O
9.65123 -11.75854 5.52191 H
8.36822 -11.18681 4.9572 H
8.813971102012674 -11.852172925350743 5.300090195265536 M
13.0713 -9.64929 9.64929 O
12.71605 -9.23914 10.43784 H
13.06858 -8.95167 8.99389 H
13.024070237120473 -9.503133298530452 9.666857513834707 M
13.10629 -7.6719 7.64989 O
14.01431 -7.44697 7.44707 H
12.73716 -6.86979 8.01947 H
13.177389943900742 -7.5363946345565545 7.671891942223622 M
12.04561 -8.76156 5.30462 O
11.82119 -9.66486 5.52804 H
12.40739 -8.39732 6.1125 H
12.06373297183879 -8.832682373321333 5.440687420335942 M
5.92487 -11.38513 11.38513 O
5.68711 -10.48536 11.60901 H
5.36855 -11.92674 11.94495 H
5.820100857034458 -11.337875168944514 11.488529628931715 M
5.32179 -11.98821 8.7438 O
6.12716 -12.35783 8.38188 H
5.53914 -11.78368 9.65328 H
5.456725394284859 -12.009991606150741 8.816043844350963 M
8.5662 -11.98821 11.98821 O
8.92812 -12.35783 11.18284 H
7.65672 -11.78368 11.77086 H
8.493956155649037 -12.009991606150741 11.853274605715143 M
5.26439 -8.76156 12.00537 O
4.56555 -8.73596 12.65898 H
4.87305 -8.37812 11.22048 H
5.12055408387294 -8.707592175298927 11.988049209791814 M
7.59104 -7.62279 13.05734 O
7.87445 -6.83584 12.59191 H
6.79843 -7.90076 12.59828 H
7.523857288436864 -7.5556363147458665 12.935364852684597 M
9.65672 -9.64144 13.0466 O
8.95375 -8.99183 13.03861 H
9.25796 -10.43107 12.68094 H
9.511360202650328 -9.659913926302181 12.997301452915227 M
11.38513 -5.92487 11.38513 O
11.62289 -6.82464 11.60901 H
11.94145 -5.38326 11.94495 H
11.489899142965541 -5.972124831055485 11.488529628931715 M
11.98821 -5.32179 8.7438 O
11.77086 -5.52632 9.65328 H
11.18284 -4.95217 8.38188 H
11.853274605715143 -5.300008393849257 8.816043844350963 M
8.7438 -5.32179 11.98821 O
9.66128 -5.51484 11.79534 H
8.77794 -4.64916 12.66838 H
8.869354618966439 -5.258515285130699 12.05250327443974 M
12.04561 -8.54844 12.00537 O
11.25391 -8.92365 12.39094 H
12.69038 -8.57004 12.7125 H
12.026224383719615 -8.600794225796086 12.149538399302903 M
15.71263 -15.71263 15.71263 O
14.79521 -15.93879 15.8657 H
15.8657 -15.93879 14.79521 H
15.611783366882792 -15.7723080913084 15.611783366882792 M
16.31571 -16.31571 13.0713 O
16.71554 -15.53098 12.69638 H
17.01369 -16.97059 13.05766 H
16.46055260129836 -16.29857788080033 13.020034260791494 M
13.0713 -16.31571 16.31571 O
12.71622 -16.72167 15.52492 H
13.0584 -17.01388 16.9704 H
13.022749540060875 -16.461386447993334 16.29775326974913 M
16.37311 -13.08906 16.33288 O
17.03457 -13.12668 17.02374 H
16.16997 -14.00539 16.14497 H
16.43357971791755 -13.214922033966324 16.399238100511937 M
10.25237 -10.25237 15.71263 O
10.10154 -10.02603 14.79489 H
11.16961 -10.02692 15.86779 H
10.353488424919684 -10.192761835708742 15.612016896732491 M
13.97679 -8.5662 13.97679 O
13.70421 -9.01927 14.7747 H
14.7747 -9.01927 13.70421 H
14.046100867764064 -8.68575408926909 14.046100867764064 M
12.8937 -9.64929 16.31571 O
13.26862 -10.43402 16.71554 H
12.90734 -8.99441 17.01369 H
12.94496573920851 -9.666422119199673 16.46055260129836 M
8.53121 -13.9656 13.98761 O
8.89891 -13.5635 14.7746 H
8.55663 -13.27135 13.32912 H
8.583077375431461 -13.8209500278432 14.004564003212613 M
9.59189 -12.87594 16.33288 O
10.39794 -13.24711 16.6917 H
9.81892 -11.97105 16.11872 H
9.728192269563323 -12.805522174360807 16.35196611754659 M
15.71263 -10.25237 10.25237 O
14.79478 -10.10734 10.02268 H
15.87752 -11.16543 10.01705 H
15.613286138062493 -10.353702164104154 10.19101761841325 M
16.31571 -9.64929 12.8937 O
16.11118 -9.86664 11.98422 H
16.68533 -10.45466 13.25562 H
16.337491606150742 -9.78422539428486 12.821456155649038 M
16.37311 -12.87594 9.63213 O
15.57951 -13.33442 9.35602 H
16.64109 -13.32245 10.43528 H
16.30376087028316 -12.995342360835668 9.701666481347672 M
14.04646 -14.01471 8.58016 O
13.35308 -13.35482 8.5826 H
13.63522 -14.7963 8.94925 H
13.900718902500254 -14.030766826388911 8.629178839016205 M
10.25237 -15.71263 10.25237 O
11.15567 -15.93656 10.02844 H
9.71933 -16.27481 9.69019 H
10.301221278050601 -15.816347598953056 10.148652401046945 M
9.64929 -16.31571 12.8937 O
9.27152 -15.5136 13.25446 H
9.85323 -16.09707 11.98439 H
9.626355257755264 -16.181034523118477 12.821325537258527 M
12.8937 -16.31571 9.64929 O
12.9066 -17.01388 8.99459 H
13.24878 -16.72167 10.44008 H
12.942250459939126 -16.461386447993334 9.66724541087319 M
7.05763 -7.05763 15.71263 O
7.26711 -7.27823 14.80506 H
7.62476 -7.62521 16.2346 H
7.160094190155236 -7.161620710133214 15.661754796585342 M
3.33321 -8.7438 13.97679 O
3.60579 -8.29073 14.7747 H
2.5353 -8.29073 13.70421 H
3.263899132235935 -8.624245910730913 14.046100867764064 M
4.4163 -7.66071 16.31571 O
4.05438 -6.85534 16.68533 H
5.32578 -7.44336 16.11118 H
4.488543844350962 -7.525774605715142 16.337491606150742 M
8.77879 -3.34441 13.98761 O
8.33196 -3.61954 14.78816 H
8.31747 -2.55096 13.71586 H
8.65897071581685 -3.2760240159909575 14.05737869181969 M
7.71811 -4.43406 16.33288 O
6.91206 -4.06289 16.6917 H
7.49108 -5.33895 16.11872 H
7.581807730436678 -4.504477825639192 16.35196611754659 M
1.59737 -1.59737 15.71263 O
1.43248 -2.51042 15.94795 H
2.51522 -1.45234 15.94232 H
1.6967138619375066 -1.698700844726471 15.773982381586752 M
0.99429 -0.99429 13.0713 O
0.62467 -1.79966 12.70938 H
1.19882 -1.21164 13.98078 H
0.9725083938492576 -1.129225394284858 13.143543844350962 M
4.2387 -0.99429 16.31571 O
4.59378 -0.58833 15.52492 H
4.2516 -0.29612 16.9704 H
4.287250459939125 -0.848613552006668 16.29775326974913 M
0.93689 -4.22094 16.33288 O
1.74161 -4.66336 16.60293 H
0.67474 -4.66932 15.52885 H
1.0084754748876872 -4.338470163905029 16.262427870541075 M
7.05763 -1.59737 10.25237 O
7.59067 -1.03519 9.69019 H
6.15433 -1.37344 10.02844 H
7.008778721949398 -1.4936524010469434 10.148652401046945 M
7.66071 -0.99429 12.8937 O
8.33726 -0.31774 12.86551 H
7.47179 -1.18321 11.97454 H
7.725046813903244 -0.9299531860967563 12.76870875530374 M
4.4163 -0.99429 9.64929 O
3.95982 -1.79483 9.39044 H
3.98001 -0.71929 10.45568 H
4.298509918691632 -1.063628574695385 9.7215312055956 M
3.32578 -3.34106 8.5909 O
4.00494 -4.01486 8.55977 H
3.13755 -3.14743 7.67258 H
3.390552208538276 -3.4044125581525346 8.465631685990537 M
1.59737 -7.05763 10.25237 O
1.3601 -6.1576 10.02904 H
1.03889 -7.59862 9.6941 H
1.4923805209615768 -7.010259063708507 10.149247440381489 M
0.99429 -7.66071 12.8937 O
1.18321 -7.47179 11.97454 H
0.31774 -8.33726 12.86551 H
0.9299531860967563 -7.725046813903244 12.76870875530374 M
0.93689 -4.43406 9.63213 O
1.73034 -4.05962 9.24942 H
0.29735 -4.42012 8.92008 H
0.9571965419023609 -4.3828180095897675 9.487689808894624 M
7.05763 -15.71263 7.05763 O
6.14021 -15.93879 7.2107 H
7.2107 -15.93879 6.14021 H
6.956783366882792 -15.7723080913084 6.956783366882792 M
7.66071 -16.31571 4.4163 O
8.35869 -16.97059 4.40266 H
8.06054 -15.53098 4.04138 H
7.805552601298362 -16.29857788080033 4.365034260791492 M
4.4163 -16.31571 7.66071 O
4.03818 -15.5301 8.05577 H
4.40081 -16.96784 8.36122 H
4.364367975062125 -16.298098946701792 7.805257060697612 M
8.7438 -13.97679 3.33321 O
8.7309 -13.27862 3.98791 H
8.38872 -13.57083 2.54242 H
8.695249540060875 -13.831113552006666 3.315254589126812 M
3.32578 -13.96894 8.7191 O
2.53558 -13.56369 8.36192 H
3.97867 -13.269 8.71198 H
3.307663625049619 -13.823123697972385 8.671035071047818 M
1.59737 -10.25237 7.05763 O
2.51469 -10.10393 7.28723 H
1.43557 -11.16569 7.29405 H
1.6970516226240768 -10.35328656013435 7.119115638732625 M
0.99429 -9.64929 4.4163 O
1.19882 -9.86664 5.32578 H
0.62467 -10.45466 4.05438 H
0.9725083938492576 -9.78422539428486 4.488543844350962 M
3.33321 -8.5662 3.33321 O
3.11586 -7.65672 3.12868 H
2.52784 -8.92812 3.70283 H
3.1982746057151417 -8.493956155649037 3.354991606150742 M
0.93689 -12.87594 7.67788 O
0.54043 -13.26009 6.89591 H
0.24131 -12.89787 8.33508 H
0.7928086796241038 -12.929517288907224 7.661418124662741 M
7.05763 -10.25237 1.59737 O
7.59067 -9.69019 1.03519 H
6.15433 -10.02844 1.37344 H
7.008778721949398 -10.148652401046945 1.4936524010469434 M
4.4163 -9.64929 0.99429 O
4.40266 -8.95131 0.33941 H
4.04138 -9.24946 1.77902 H
4.365034260791492 -9.50444739870164 1.0114221191996722 M
7.71811 -12.87594 0.97713 O
8.37957 -12.83832 0.28627 H
7.51497 -11.95961 1.16503 H
7.77857971791755 -12.750077966033674 0.9107705801103799 M
1.59737 -15.71263 1.59737 O
1.37344 -15.93656 2.50067 H
1.03519 -16.27481 1.06433 H
1.4936524010469434 -15.816347598953056 1.6462212780506018 M
0.99429 -16.31571 4.2387 O
1.78375 -16.71722 4.6017 H
0.34106 -17.01522 4.25281 H
1.0122638821607342 -16.46097612153426 4.288455051762714 M
4.2387 -16.31571 0.99429 O
3.32922 -16.09836 1.19882 H
4.60062 -15.51034 0.62467 H
4.166456155649037 -16.180774605715143 0.9725083938492576 M
0.93689 -13.08906 0.97713 O
1.16392 -13.99395 1.19129 H
1.74294 -12.71789 0.61831 H
1.0731922695633227 -13.159477825639192 0.958043882453411 M
15.71263 -7.05763 7.05763 O
15.93656 -7.28156 6.15433 H
16.27481 -7.61981 7.59067 H
15.816347598953056 -7.161347598953057 7.008778721949398 M
16.31571 -7.66071 4.4163 O
16.71554 -6.87598 4.04138 H
17.01369 -8.31559 4.40266 H
16.46055260129836 -7.643577880800327 4.365034260791492 M
13.97679 -8.7438 3.33321 O
14.76322 -8.36955 3.73032 H
13.32694 -8.73773 4.03598 H
13.994810060379601 -8.693621428001391 3.478325712478518 M
16.37311 -4.43406 7.67788 O
16.13596 -5.33719 7.4673 H
15.57173 -4.05295 8.03674 H
16.236088669600036 -4.502934153751351 7.697443732267443 M
14.04646 -3.29529 8.72984 O
13.36439 -3.96665 8.74704 H
14.22237 -3.10822 9.65195 H
13.979678379252167 -3.359186141757484 8.85377046504 M
10.25237 -1.59737 7.05763 O
11.16979 -1.4443 7.28379 H
10.0993 -2.51479 7.28379 H
10.35321663311721 -1.6982166331172084 7.1173080913084 M
9.64929 -0.99429 4.4163 O
9.85382 -1.21164 5.32578 H
9.27967 -1.79966 4.05438 H
9.627508393849258 -1.129225394284858 4.488543844350962 M
12.8937 -0.99429 7.66071 O
13.32906 -0.71297 6.856 H
13.36996 -1.78001 7.92915 H
13.013977108238779 -1.0608394102758159 7.589955733051919 M
8.5662 -3.33321 3.33321 O
8.91702 -3.71009 2.52629 H
7.65537 -3.12538 3.12483 H
8.492313530435052 -3.3555140797127807 3.199253583955123 M
15.71263 -1.59737 1.59737 O
15.9499 -2.4974 1.37404 H
16.27111 -1.05638 1.0391 H
15.817619479038424 -1.6447409362914927 1.4942474403814872 M
16.31571 -0.99429 4.2387 O
15.50775 -0.62425 4.59437 H
16.10454 -1.20109 3.32828 H
16.18124826230295 -0.972752478720412 4.165507523095739 M
13.0713 -0.99429 0.99429 O
12.72048 -0.61741 1.80121 H
13.98213 -1.20212 1.20267 H
13.145186469564948 -0.971985920287219 1.1282464160448769 M
16.37311 -4.22094 0.97713 O
15.58103 -4.59514 0.59135 H
17.0149 -4.23351 0.26707 H
16.353281072818493 -4.271969570603444 0.8325473161049759 M
10.25237 -7.05763 1.59737 O
10.00587 -6.14631 1.43937 H
10.0289 -7.21098 2.5154 H
10.19036320708302 -6.957625129843854 1.6976466619586208 M
12.8937 -7.66071 0.99429 O
11.98422 -7.45618 1.21164 H
13.25562 -8.03033 1.79966 H
12.821456155649038 -7.682491606150743 1.129225394284858 M
9.59189 -4.43406 0.97713 O
10.38397 -4.05986 0.59135 H
8.9501 -4.42149 0.26707 H
9.611718927181506 -4.383030429396555 0.8325473161049759 M
11.38513 -2.73013 14.57987 O
11.53976 -2.95616 15.49706 H
10.46925 -2.96231 14.4266 H
11.284692373964184 -2.7905852047630484 14.680659899876886 M
11.98821 -3.33321 17.2212 O
12.68619 -3.98809 17.23484 H
12.38804 -2.54848 17.59612 H
12.133052601298363 -3.3160778808003277 17.272465739208506 M
12.04561 -0.10656 13.95962 O
11.23956 0.26461 13.6008 H
11.81858 -1.01145 14.17378 H
11.909307730436677 -0.17697782563919207 13.94053388245341 M
2.73013 -11.38513 14.57987 O
2.95629 -10.46771 14.4268 H
2.95629 -11.5382 15.49729 H
2.7898080913084002 -11.284283366882791 14.680716633117209 M
3.33321 -11.98821 17.2212 O
3.73304 -11.20348 17.59612 H
4.03119 -12.64309 17.23484 H
3.4780526012983612 -11.971077880800328 17.272465739208506 M
0.0888 -11.98821 13.97679 O
-0.26202 -12.36509 14.78371 H
0.99963 -11.78038 14.18517 H
0.16268646956494787 -12.010514079712781 14.110746416044876 M
14.57987 -5.92487 14.57987 O
14.35436 -6.8274 14.35447 H
14.01672 -5.38993 14.02047 H
14.475815959738055 -5.97336900420953 14.476325239523275 M
13.97679 -5.32179 17.2212 O
13.60717 -6.12716 17.58312 H
14.18132 -5.53914 16.31172 H
13.955008393849257 -5.456725394284859 17.14895615564904 M
17.2212 -5.32179 13.97679 O
17.58312 -6.12716 13.60717 H
16.31172 -5.53914 14.18132 H
17.14895615564904 -5.456725394284859 13.955008393849257 M
5.92487 -14.57987 14.57987 O
6.84219 -14.43143 14.35027 H
5.76307 -15.49319 14.34345 H
6.024551622624077 -14.68078656013435 14.518384361267376 M
5.32179 -13.97679 17.2212 O
5.53296 -14.18359 16.31078 H
6.12975 -13.60675 17.57687 H
5.45625173769705 -13.95525247872041 17.148007523095735 M
5.26439 -17.20344 13.95962 O
6.05647 -17.57764 13.57385 H
4.6226 -17.21601 13.24956 H
5.284218927181507 -17.254469570603444 13.815038635482658 M
2.73013 -2.73013 5.92487 O
1.81228 -2.87516 5.69518 H
2.89502 -1.81708 5.68955 H
2.6307861380624935 -2.6287991552735286 5.863517618413249 M
0.0888 -3.33321 5.32179 O
-0.35044 -3.60538 6.12754 H
-0.36827 -2.53489 5.05719 H
-0.029457141007764844 -3.263790943266018 5.393188123256856 M
3.39061 -0.10656 5.30462 O
3.78707 0.27759 6.08659 H
4.08619 -0.08463 4.64742 H
3.534691320375896 -0.05298271109277688 5.321081875337259 M
2.73013 -14.57987 11.38513 O
2.95217 -14.35267 10.48219 H
3.29371 -14.01991 11.91903 H
2.8337829494466424 -14.476013866390343 11.33643968602659 M
0.0888 -13.97679 11.98821 O
1.00796 -14.16571 11.79929 H
0.11699 -13.30024 12.66476 H
0.21379124469626137 -13.912453186096755 12.052546813903245 M
3.39061 -17.20344 12.00537 O
3.16358 -16.29855 11.79121 H
2.58456 -17.57461 12.36419 H
3.254307730436677 -17.133022174360807 12.024456117546588 M
14.57987 -2.73013 11.38513 O
15.49772 -2.87516 11.61482 H
14.41498 -1.81707 11.62045 H
14.679213861937507 -2.628797835895847 11.446482381586751 M
17.2212 -3.33321 11.98821 O
17.57628 -3.73917 11.19742 H
17.2341 -4.03138 12.64291 H
17.269750459939125 -3.478886447993332 11.970254589126814 M
13.91939 -0.10656 12.00537 O
13.2776 -0.09399 12.71543 H
14.71147 0.26764 12.39115 H
13.939218927181507 -0.05553042939655564 12.149952683895023 M
14.57987 -14.57987 5.92487 O
15.49674 -14.35765 5.763 H
14.44142 -14.36965 6.84838 H
14.682572997515663 -14.522814831523249 6.02535908176541 M
17.2212 -13.97679 5.32179 O
17.59612 -14.76152 4.92196 H
17.23484 -13.32191 4.62381 H
17.272465739208506 -13.993922119199672 5.176947398701639 M
13.91939 -17.20344 5.30462 O
13.25793 -17.16582 4.61376 H
14.12253 -16.28711 5.49253 H
13.858920282082451 -17.077577966033672 5.238261899488061 M
5.92487 -2.73013 2.73013 O
5.36421 -3.27049 3.28682 H
5.6881 -1.82983 2.95291 H
5.819658865511016 -2.6826403197171347 2.8329715321722646 M
5.32179 -3.33321 0.0888 O
5.52632 -3.11586 0.99828 H
4.95217 -2.52784 -0.27312 H
5.300008393849257 -3.1982746057151417 0.16104384435096306 M
5.26439 -0.10656 3.35037 O
6.06911 0.33586 3.62042 H
5.00224 0.34182 2.54634 H
5.335975474887687 0.010970163905029438 3.2799178705410776 M
2.73013 -5.92487 2.73013 O
1.82683 -5.70085 2.95395 H
3.26316 -5.35892 3.28854 H
2.681277402571716 -5.820643121261725 2.833335680412473 M
3.33321 -5.32179 0.0888 O
4.00976 -4.64524 0.11699 H
3.14429 -5.51071 1.00796 H
3.3975468139032436 -5.257453186096756 0.21379124469626137 M
0.0888 -5.32179 3.33321 O
0.0759 -4.62362 3.98791 H
-0.26628 -4.91583 2.54242 H
0.04024954006087479 -5.176113552006668 3.315254589126812 M
14.57987 -11.38513 2.73013 O
14.35371 -10.46771 2.8832 H
14.35371 -11.5382 1.81271 H
14.5201919086916 -11.284283366882791 2.6292833668827917 M
13.97679 -11.98821 0.0888 O
13.32356 -12.68772 0.07469 H
14.76625 -12.38972 -0.2742 H
13.994763882160733 -12.133476121534256 0.039044948237285985 M
17.2212 -11.98821 3.33321 O
16.31037 -11.78038 3.12483 H
17.57202 -12.36509 2.52629 H
17.14731353043505 -12.010514079712781 3.199253583955123 M
11.38513 -14.57987 2.73013 O
10.48234 -14.35492 2.95508 H
11.91945 -14.0183 3.29172 H
11.336514890554461 -14.476098306561985 2.833904332193379 M
11.98821 -13.97679 0.0888 O
12.35783 -14.78216 -0.27312 H
11.78368 -14.19414 0.99828 H
12.009991606150741 -14.111725394284857 0.16104384435096306 M
12.04561 -17.20344 3.35037 O
11.23956 -17.57461 3.70919 H
11.81858 -16.29855 3.13621 H
  11.98821 -13.97679 0.0888 O
12.35783 -14.78216 -0.27312 H
12.35783 -14.78216 -0.27312 H
12.085743675757918 -14.189307440736851 -0.006701834127768855 M
12.04561 -17.20344 3.35037 O
11.23956 -17.57461 3.70919 H
11.23956 -17.57461 3.70919 H
11.832913123898408 -17.30138268283931 3.445053819964981 M
0.0 0.0 0.0 O
-0.53524 0.53524 -0.58588 H
-0.53524 0.53524 -0.58588 H
-0.14123674209368647 0.14123674209368647 -0.15459939925612626 M
4.32748 -4.31665 4.31671 O
4.86142 -4.85453 4.90137 H
4.86142 -4.85453 4.90137 H
4.468373703896389 -4.458583373509738 4.470987471101739 M
8.655 -8.655 0.0 O
9.24088 -9.19024 -0.53524 H
9.24088 -9.19024 -0.53524 H
8.809599399256125 -8.796236742093686 -0.14123674209368647 M
0.0 -8.655 8.655 O
0.53524 -9.24088 8.11976 H
0.53524 -9.24088 8.11976 H
0.14123674209368647 -8.809599399256125 8.513763257906312 M
8.655 0.0 8.655 O
8.11976 0.53524 8.06912 H
8.11976 0.53524 8.06912 H
8.513763257906312 0.14123674209368647 8.500400600743873 M
12.98252 -12.99335 4.31671 O
13.56838 -13.52462 4.85592 H
13.56838 -13.52462 4.85592 H
13.137114121745398 -13.133539156214246 4.4589943279731274 M
4.32748 -12.99335 12.99329 O
4.86407 -13.52592 13.58037 H
4.86407 -13.52592 13.58037 H
4.469072974067804 -13.133882194411544 13.148206049899787 M
